266118	58
279043	905
264963	1194
425868	2
259471	5
323208	330
432662	1
303125	9
266262	10
319126	4
264983	138
411797	47
222864	1
326033	2
411935	4
259480	1
342686	6
264984	2
216478	4
237726	1
319259	42
267035	1
328996	3
188583	1
411936	1
420897	8
425761	164
358317	4
313519	1
321450	4
337973	1
418740	2
265010	226
164154	4
197049	1
146622	30
168382	3
335419	2
327749	1
265414	1
348487	2
329155	2
328130	1
147269	22
195275	2
326221	18
264527	2
258252	1
327380	1
232530	1
339024	10
306270	1
317919	1
254687	6
444377	1
317797	3
343780	2
267494	1
317798	3
331878	9
327919	383
192751	1
318070	2
385395	2
273138	15
430704	1
219636	7
290291	7
264958	1
349176	2
318074	2
