112599
119206
172958
183492
192574
192756
192762
193136
193415
194101
194975
194981
195770
196007
196298
196541
197329
197332
197604
198012
198043
198731
199336
199366
199938
200630
205532
206528
209410
211585
216467
216644
217971
218027
218142
218584
220258
221139
222253
222824
222868
224196
227939
229921
230183
234803
235930
236828
237169
238970
238976
240926
244784
244908
249240
255307
256603
256980
257017
257381
258916
259041
259233
259286
259389
266483
266539
266595
266640
267390
269612
273151
273819
274613
275722
277176
287666
295335
296107
297807
302394
302420
303667
310643
312324
313365
314500
314560
314584
314998
315970
316595
317920
317921
317925
317926
317994
318086
320081
320175
321690
321708
324215
325813
327060
333137
342352
342782
349550
368052
371768
389230
408450
410048
420858
461000
90428
112597
183015
192573
195737
196005
19733
198161
198193
199309
202958
207372
207530
222865
245336
247039
247197
249061
250717
252002
259273
263613
265174
271323
286934
288029
292972
294774
302439
310114
321354
326228
334448
336421
338578
351118
414086
428161
428701
447633
463626
472769
472772
473448
482434
483749
490819