125572
134483
165815
171138
172952
174480
181506
192778
195824
197005
197007
197745
198334
199259
200754
200791
202772
206444
207670
207706
208667
209774
211713
213642
216405
218159
218300
218306
218310
219878
221053
221177
221896
222866
222878
223178
223207
223484
224095
224907
226608
228876
228882
229237
230180
230182
230369
232006
232813
233807
233808
233809
234141
235115
235302
236066
236812
236815
236819
236823
236831
242950
246155
251333
251740
252092
252093
254684
254833
254872
255006
255191
255308
255329
255347
255352
256580
256605
256853
256975
256985
257861
257864
257926
258904
258927
259856
259917
260555
261805
263514
264126
264698
264887
265269
265408
265410
265412
265413
265415
265551
265816
266120
266122
266140
266428
266723
267481
267523
267528
267782
269091
270332
273135
273357
273599
277573
282667
292995
296145
299849
302407
303030
303156
313047
314558
314999
315248
315897
316106
317811
317931
318075
319269
319878
320188
320612
320799
321427
321428
325950
326841
327029
327147
327379
328011
328142
328278
328542
328772
328998
328999
329054
329197
329200
329247
331383
331740
332851
332852
333850
337624
337673
342356
342364
342694
369023
397877
404763
406064
408030
408034
412261
418684
419327
419902
420290
420433
421569
424060
424262
426374
426497
464701
472661
166450
166603
167363
176322
180364
180751
187936
187960
190653
194977
198132
202100
204329
205967
218308
234142
234342
236810
251331
256079
256767
257918
257999
259439
261438
261649
261937
263537
264962
268281
270516
270644
272317
273343
273718
273823
274604
274632
274821
278222
280132
280205
280601
285801
287663
293191
295030
308908
310554
312363
313029
316071
321468
321469
324531
326481
326949
327582
327936
327994
332601
335920
336365
337345
337643
337653
338107
339291
339616
339790
341818
341820
342002
349082
361933
384431
400164
407606
407710
408185
411543
412186
414337
414448
420785
423708
426423
431585
432778
433111
440697
441455
446237
462107
463008
463524
463991
471213
471541
472106
473443
473558
474267
476163
476180
478452
479629
482862
485384
485482
488045
490090
496963
497876
499942
499946
165082
170510
184655
206118
211587
225199
259072
261803
265312
275359
263858
264242
303215
313276
324333
398676
473446
486675
