51713	10
53257	37
54284	38
44558	1
56334	1
54801	1
53266	1
44562	3
48661	227
50713	64
56857	1
49184	3
50720	25
42530	3
55331	1
55333	1
49196	1
55855	4
50737	14
49207	1
49209	376
55357	113
48701	7
49726	21
51774	1
49218	1
54338	30
58946	3
50252	5
57420	1
51277	1
56910	5
35410	1
53333	1
57943	3
49240	46
56409	19
44633	8
53339	13
53854	2
52833	63
50273	1
54371	3
50789	7
50790	49
57959	1
56425	41
53354	1
51306	1
53356	16
53871	49
56441	431
58489	1
50308	2
59015	2
49802	1
50826	3
51340	95
57490	1
42650	1
53406	335
55454	3
57504	2
52384	1
46243	4
55973	1
57509	2
54440	1
39592	9
38570	2
59054	6
50351	1
54448	9
54450	1
57011	2
46261	31
50358	5
57530	1
54971	1
55996	100
52926	1
51396	1
49860	1
51910	5
55494	1
51912	1
57544	40
49865	4
51401	1
53450	3
56010	2
57546	7
51403	1
48843	2
54475	2
41166	1
56529	7
57047	1
53465	5
45785	2
50394	1
49883	1
53467	1
49372	1
49884	1
52445	22
52957	1
53469	1
57054	3
56545	1
54497	17
53986	6
55524	4
58086	1
56039	1
53993	1
56042	13
54507	18
52461	1
56045	62
52974	14
51952	3
49905	5
47866	129
58110	2
52480	315
56577	7
59151	1
50448	1
43285	21
39704	165
51494	1
52009	1
57643	142
58157	49
46381	7
50991	39
54068	1
48443	2
52543	1
53574	15
54086	4
48454	1
54087	1
57674	5
58192	468
53074	6
52051	9
57683	77
51544	11
56665	10
43356	4
47453	1
51555	1
57704	11
50027	5
52587	102
52591	1
40817	1
49522	177
48498	4
45427	1
56179	22
58232	2
53119	2
51584	6
51586	31
56710	9
48007	2
47499	1
55180	15
56717	1
45453	1
47502	1
51095	4
51610	7
54170	6
50591	1
56736	1
50597	2
50087	85
50600	2
55210	1
51630	13
54702	4
54703	1
40881	8
57265	1
57779	27
51124	2
53173	1
59317	3
56246	1
44986	1
51644	7
52671	2
53697	10
57281	17
44994	1
42436	2
55749	12
51654	1
50138	2
55778	1
57316	1
53735	5
48616	16
53225	2
54249	700
57833	2
52208	1
54256	1
48627	12
58357	1
50679	1
55799	13
55807	6
