48131	6
48132	9
48133	10
52488	8
48137	1
48139	265
50189	11
48146	26
43538	13
48147	5
48148	2
52500	9
48660	123
51220	12
48149	3
48150	4
48151	38
51739	1
18462	20
55343	1
48176	654
57136	1
48692	1
47413	38
52792	15
49721	2
52028	1
53057	1
49991	7
38216	1
58187	2
51276	1
48973	1
49234	203
54618	1
49757	193
49758	1
51294	2
54624	1
37984	1
50018	209
53090	1
54370	206
56418	2
48230	45
43366	2
50535	6
49000	1
57708	1
54382	11
41327	15
41074	6
42361	2
49536	40
50306	1
49284	13
43142	1
49030	1
46471	4
49543	6
48266	9
48267	123
37515	9
58508	36
50325	6
55958	2
56217	37
38553	27
49567	2
52387	1
13731	5
52135	23
48296	502
53161	1
55469	1
49075	3
28852	11
52405	41
56248	2
46264	19
49340	75
51136	1
53952	1
40901	1
56777	52
47820	3
49103	88
49104	130
38352	20
49105	10
49106	420
47827	45
51155	179
48861	335
49376	92
55267	5
49892	1
48870	35
48358	1
50929	153
57841	5
19444	1
49909	772
55798	137
52474	86
