337415	1
400899	1
471062	2
403985	8
405025	2
483895	31
393781	20
152135	518
401487	1
405071	1
405068	2
178760	773
405069	6
405067	2
380501	2
423504	1
423505	1
234074	16
410207	22
438875	24
385132	64
399979	3
424053	5
405104	1
23162	1
449659	7
388739	2
424591	44
383624	1
252556	1
409236	1
392862	3
409245	2
398490	5
384667	3
420004	4
467618	2
426678	1
476859	10
400568	1
176320	20
437444	1
373953	6
65738	272
110797	3
403147	1
391895	1
404690	3
427218	6
391376	1
366298	753
413913	17
369381	1
472815	2
357110	179
94965	4
479474	5
402173	3
403705	26
14597	16
455427	4
407297	1
385293	124
356620	5
28951	10
363293	24
480029	2
418599	78
326950	3
410402	17
406319	1
426792	1
402231	1
153399	-1
341296	3
404285	2
11076	213
462147	15
421711	1
51529	2681
401246	1
424286	11
395612	1
385374	23
478042	2
403810	22
24934	1
217966	2
178039	1
401790	2
392581	1
222080	2
442245	116
455042	1
395663	1
85384	7
465296	1
483228	4
380313	116
413083	2
399769	4
392099	1
161704	1
485302	22
428468	1
29621	1
162740	62
287164	9
86970	1
398267	2
401848	3
434630	1
114116	17
335309	13
402892	11
73675	8
180169	1
179672	7
26588	5
383968	17
383970	19
412650	1
489963	4
412150	3
412151	1
465910	1
412149	1
90612	1
356851	1
423409	11
291322	93
412153	1
