138377
151487
178912
183206
208744
211625
217994
220654
237709
246577
249593
271700
280192
290285
290288
297248
300992
301584
304057
308879
310789
311120
311848
312038
319298
320269
321043
323020
324246
324268
325777
327193
329294
330987
335363
337658
339414
341232
342681
342962
343039
344984
345196
346116
349400
350733
350918
352413
353821
356070
356712
368483
369524
371300
372030
376354
380918
381702
383625
383637
384458
384930
386188
388172
392607
394233
396795
397584
399098
399798
399913
400636
401270
401358
401815
403700
404731
404784
407402
407542
409023
412786
413434
413705
414029
414076
419316
419577
421806
421938
426903
432190
443727
446040
449066
455199
462932
465363
472568
472612
472657
476930
478019
68233
94047
10009
10035
10096
101118
10154
102427
10282
103700
105573
10670
10811
10817
108473
10894
109009
109392
10965
110074
11030
112503
112613
112670
113828
113909
11403
114589
11514
117516
11947
120135
120170
120651
12300
124137
124147
124203
124522
125196
125771
125868
12598
12609
12633
12636
12640
126437
12665
12695
127195
12740
130145
13015
13028
13042
13074
13364
134865
13525
136372
136638
13684
137513
13834
13909
139152
13920
13957
140179
142476
144253
145553
145592
147773
148006
148615
148985
149069
149076
149999
150652
151808
153122
153124
153472
1547
15581
15662
15667
15678
1569
157055
15792
15969
159815
16046
16063
161098
161364
16152
161781
16193
16196
16219
162399
162902
16313
16378
164376
16446
16450
164650
165174
16702
167182
1674
167426
167740
16930
1695
169542
169565
17025
170502
171075
171984
172569
172989
173187
17691
177193
177542
178427
178641
179111
180496
18100
18115
181204
181220
18174
182237
182807
18306
184862
187000
18792
188339
189012
18926
191486
19157
19202
19363
19412
19623
197011
197282
204455
20468
206693
210126
212442
21400
214650
214696
21769
217707
217736
21776
21792
21801
218086
21823
22005
22081
223530
22580
22662
22815
22842
228985
229380
229394
231790
232699
23328
234425
23568
23716
239950
241394
243139
244059
244395
24579
245793
248054
24826
24839
24863
24873
252609
254677
255031
260402
26159
261837
261846
265714
266651
267060
267914
268393
27093
271785
27276
273630
273858
274727
275614
276723
27679
27989
28177
28195
28304
286229
287084
287834
29036
29297
29429
29474
296505
29651
296552
29683
297808
297840
30028
300614
30344
303486
30650
307109
30837
310511
31110
31637
31907
32174
32494
33144
33292
33297
33534
33644
33712
33746
33893
34052
34190
34297
34670
34816
3536
35525
369480
37216
37514
375856
37918
37942
38371
38387
385192
38531
3881
394220
394225
39878
403383
40707
40708
40744
41103
412982
414285
414939
422016
42429
42487
428862
42984
43197
433455
43418
434722
4348
43554
43555
43611
43927
442645
463236
463252
468252
46871
47003
47256
47281
47390
49045
49047
49052
49054
49068
49077
49092
491299
491302
495641
499385
500794
50086
506014
506863
506865
50909
51433
52474
52964
53102
53115
53135
53247
53250
53634
53929
53952
53959
54407
54417
54579
56211
5623
56235
56252
5653
57257
57258
57467
57515
57598
57642
57853
58078
60364
6063
62323
62564
63256
63323
6411
64663
64696
64951
64984
65107
65149
66413
66417
66453
67439
70627
71824
72169
72305
72371
73199
73576
73624
73680
7392
7404
74085
74477
74480
74885
75628
76675
76860
77064
77125
77190
77239
77449
77680
78422
78449
78534
7858
7859
78853
78866
79529
79706
79896
80069
80191
80332
80707
80879
81249
8301
83245
84259
84271
8458
85665
86028
8634
8679
8683
86863
86887
88674
88689
88923
88939
89566
89643
89932
89935
9026
9057
9079
90805
9122
91427
9241
92712
92838
93140
93578
94452
94474
94687
9649
9825
9861
99416
