138377
183206
280192
290288
300992
304057
319298
321043
323020
324246
324268
330987
335363
343039
349400
350918
352413
372030
380918
392607
396795
397584
399098
399913
400636
401358
401815
407542
412786
414029
421806
472657
10035
10154
10282
10817
108473
109009
110074
112503
112613
112670
113909
120170
12300
124147
124203
124522
125196
125771
12636
12695
13015
13364
136372
13834
139152
140179
142476
144253
149069
149076
150652
15662
15667
15678
159815
16046
16063
16152
162902
16378
16446
164650
167740
1695
17025
170502
171984
172569
173187
178641
179111
181204
18306
187000
18792
189012
18926
19363
19412
197011
20468
206693
212442
21400
21792
218086
21823
22005
22081
223530
22580
22815
229380
234425
23568
23716
243139
244395
248054
24863
24873
254677
255031
265714
266651
268393
27093
271785
275614
276723
27989
286229
29297
29474
29683
30028
300614
30344
30650
307109
30837
310511
31110
31907
32494
33534
33644
33893
34052
34190
34297
34670
3536
35525
369480
37514
37942
38387
385192
3881
394225
40707
40744
42984
43418
43554
43555
43927
463236
463252
49045
49047
49052
49054
49068
49077
49092
495641
500794
50086
506014
50909
52474
52964
53634
53929
54407
54417
56211
5623
56235
5653
57258
57515
57598
57853
58078
60364
6411
64663
64696
64951
64984
67439
70627
72371
73199
73624
7392
7404
74477
74480
74885
77064
77125
77449
78449
7859
80332
8301
83245
84271
8458
85665
8634
8679
88689
9026
9057
9122
9241
92838
93140
94452
94474
9649
9825
