211625
217994
220654
237709
246577
249593
290285
308879
310789
311848
320269
325777
329294
339414
341232
342681
346116
350733
356070
356712
368483
369524
371300
376354
381702
383625
383637
384458
394233
399798
404784
407402
409023
413434
413705
419316
421938
426903
432190
455199
462932
94047
10096
105573
10811
10894
109392
10965
11030
113828
11403
11514
117516
120135
120651
12598
12609
12640
126437
12665
12740
130145
13074
13684
13909
13957
145553
145592
148615
148985
149999
1547
15581
1569
15969
161364
161781
16196
16219
162399
16313
165174
16702
167182
1674
167426
16930
169542
171075
17691
177193
177542
180496
181220
18174
184862
19157
19202
19623
197282
204455
214696
21769
21776
21801
22662
228985
232699
23328
241394
244059
24579
245793
24826
24839
252609
260402
26159
261837
267060
273630
27679
28177
28195
28304
287834
29036
296505
29651
296552
297808
297840
33292
33297
34816
375856
37918
38371
394220
403383
40708
41103
412982
414285
414939
422016
42429
428862
43197
433455
434722
4348
442645
46871
47281
47390
491299
491302
499385
506865
51433
53102
53115
53952
53959
54579
56252
57257
57467
6063
62323
62564
66453
71824
72169
72305
73576
75628
76675
77680
7858
78866
79529
79706
80707
86863
86887
88923
89643
9079
90805
91427
92712
9861
99416
151487
208744
102427
188339
214650
78853
81249
