178912
271700
297248
301584
311120
312038
327193
337658
342962
344984
345196
353821
384930
386188
388172
401270
403700
404731
414076
419577
443727
446040
449066
465363
472568
472612
476930
478019
68233
10009
101118
103700
10670
114589
11947
124137
125868
12633
127195
13028
13042
134865
13525
136638
137513
13920
147773
148006
151808
153122
153124
153472
157055
15792
161098
16193
164376
16450
169565
172989
178427
18100
18115
182237
182807
191486
210126
217707
217736
22842
229394
231790
239950
261846
267914
27276
273858
274727
287084
29429
303486
31637
32174
33144
33712
33746
37216
38531
39878
42487
43611
468252
47003
47256
506863
53135
53247
53250
57642
63256
63323
65107
65149
66413
66417
73680
74085
76860
77190
77239
78422
78534
79896
80069
80191
80879
84259
86028
8683
88674
88939
89566
89932
89935
93578
94687
