100593
102512
102696
103450
107924
113731
117960
120561
124978
125296
125326
130922
139231
140392
144249
149382
149801
149803
151668
153079
153755
153912
154851
159917
161566
167590
172388
176516
178238
179473
181040
185043
189294
189682
190438
194175
201878
203132
208460
209611
210255
215448
216258
216627
216707
217753
217984
218431
218437
221828
225594
226444
230244
231329
232773
235750
236582
237144
239490
239695
240690
241696
242244
242591
242801
243163
243284
244431
244742
245140
245254
246635
248659
24941
249549
249620
250944
250961
251327
251572
251670
251824
252040
252104
252340
252415
252432
252493
252591
252779
253674
254759
255448
255449
255743
256574
256575
256867
257505
258072
258135
258792
259093
259408
259413
260528
260626
260694
26070
260865
260992
261100
261198
262511
262732
262746
262748
262763
262766
262768
262877
263173
263751
263771
264356
264606
264720
264722
264770
264997
264999
265448
265638
265645
266085
266092
266442
266443
266646
266831
266878
266938
266962
267002
267237
267241
267358
267554
267616
267710
267802
267829
269401
269524
270342
271139
271228
271446
272354
272366
272418
272472
272532
272737
272742
273499
276068
276467
277031
277968
278201
278802
279124
279924
279981
280114
280193
282755
283304
283427
283697
283851
283891
284793
285024
285523
285573
285637
285814
285852
285854
286221
286406
286524
286845
287049
287136
287374
287378
288121
288385
288529
288847
288931
289028
289280
289362
289655
289992
290135
290913
290916
291893
291996
292903
294322
294534
294763
294768
294893
294970
295230
295320
295638
295901
296229
296498
296781
296782
296784
296794
296836
296878
297116
297183
297280
297392
297529
297566
297593
297645
297663
297709
297752
298031
298281
298603
298951
299127
300542
300901
300981
303313
303617
303698
303705
303794
304083
304174
304176
304573
304792
304927
305255
306069
306763
306970
307407
308199
308672
308978
309035
309977
310609
311603
312014
312204
312659
313339
313751
314283
315772
316155
316199
316627
317057
317224
317474
317563
318255
318388
318607
318731
318772
319689
319854
320511
320875
320878
320983
321035
321385
321592
321693
322812
324237
324719
324769
325523
326116
328554
329248
329252
329498
329626
330057
330241
330415
330640
330680
330754
331053
331115
331116
331447
331864
332008
332019
332271
332489
333461
333654
333803
334480
334864
334876
335132
335224
335249
336833
336841
337077
337181
337680
337707
337903
337977
338018
338089
338271
338656
338673
338675
338731
338809
338923
339000
339222
339248
339614
339752
339896
339980
340470
341109
341851
342074
342391
342410
342858
343245
343422
343935
344674
347389
347587
347599
348758
349051
349517
349782
350290
350347
352785
353126
353731
356687
356778
357997
358823
360913
361559
362404
362743
364539
364628
364815
364947
365775
366281
367465
368015
368452
369295
369319
369510
369527
370952
371968
371987
372013
372768
372818
372840
372973
373169
373885
373950
374264
374689
374920
376381
376688
376882
377318
378068
379525
381714
383358
383491
385237
385389
385550
385989
386272
386518
387536
387940
388074
388078
388342
388724
391265
391389
391927
392931
392946
393098
393147
393161
393829
393932
394030
394296
394530
394547
394692
394721
394950
395016
395228
395231
395558
395691
395989
395992
396808
396809
396823
396977
397447
397464
397747
398076
398211
398648
398965
398995
399087
400668
401418
401666
403749
403917
403923
403924
403927
404471
404477
405704
406274
406347
407056
407759
408060
408072
408114
408334
408937
408966
408979
409594
409707
409717
409723
410170
410173
410371
411529
411585
411841
412139
41302
414084
414100
416016
416022
416198
416401
416915
416935
416992
416998
417765
417801
418384
418692
420116
420188
422178
422307
422506
422792
424083
424166
424273
424283
424581
424614
424616
424852
424920
425109
425277
426025
426112
426963
427169
427227
427232
427883
428741
429399
429498
430267
430286
430487
430573
430574
431488
432056
432125
432132
432515
432771
432781
433026
433373
433591
433754
434159
434173
434791
434884
436832
436997
437398
437847
438956
439874
439912
440804
440815
440930
443191
443309
443341
443410
443498
444236
444354
446604
449098
449107
450208
450286
450858
450861
457547
457926
458200
458852
460359
460521
460799
460997
462352
462948
463332
463360
463936
464974
465293
465521
465630
468457
471034
474073
475198
476517
477324
477523
478136
478714
479440
53603
65875
66646
70005
71627
90140
99540
100155
100174
107621
108115
108247
111653
11317
118222
12044
120560
120572
120615
121057
124182
125013
125580
125677
125872
126625
127655
127656
127987
129354
12996
130317
13243
13269
132998
133141
133731
135219
135612
137091
13877
13916
13921
140248
140289
141492
143171
144902
14837
14898
150244
150249
151280
152142
153044
154186
158292
159157
161282
162434
162541
162856
163906
164162
164677
165210
165434
165689
168182
170192
1708
172491
17317
177095
178744
179018
179109
17925
181193
183507
184222
185069
185102
185113
185172
185759
186291
186754
187316
18780
188910
189931
19043
19097
19145
191862
193795
193798
195423
195808
196242
197969
197985
199064
199135
200000
200055
200685
201063
201096
201718
202129
202239
202245
202273
20288
204914
210918
211578
21159
211767
213179
21417
215473
217126
21926
220215
222609
224132
224183
226151
22655
228506
228641
230222
230370
231263
231757
232293
232333
232828
233559
233941
234143
234170
236251
23652
236850
239442
239940
24082
24271
243147
244514
244548
246501
246594
247433
250472
250806
251356
251362
251629
25324
254603
256087
256532
256879
260362
261797
262050
262389
26321
263935
264112
264504
265188
266094
266924
26699
267776
267918
268525
269201
271757
27194
272334
272567
274023
274091
274364
27462
275286
275308
275370
276111
276285
276466
276744
27687
276906
279715
280123
280333
28277
284728
285556
285568
28698
287078
28720
28793
289455
290034
290491
291716
291924
29531
29553
295905
296589
296998
298066
298520
299667
299928
300157
300536
300780
301242
30169
302831
303314
303506
30375
30412
304191
304193
304217
30468
305155
306392
306646
307756
308898
308957
309415
310424
310903
311099
311835
31214
31236
312867
312966
31300
313080
313478
314069
314354
314585
317497
318681
318734
319532
320916
321157
321574
321608
323690
32412
324285
326377
327079
32714
328233
328481
328601
328694
32967
329677
329720
331028
331311
331320
331845
332421
333541
333631
334625
334635
335275
337086
337209
337514
337887
338229
338529
338638
339223
340338
341604
342926
344544
344552
34591
350375
35339
354766
35590
361535
362496
36427
367629
368390
372128
373944
374605
37513
375354
377141
378258
38140
381942
383110
38499
390546
393143
393602
393719
395071
395257
395919
396524
397842
399665
400374
405780
406171
406478
406995
408330
410650
411588
411636
411641
4121
414122
414444
41688
419692
42110
421383
421506
42208
422908
424745
425006
430195
43103
43228
43332
43364
433715
434269
435279
436141
442614
44535
45315
45349
45356
45638
457515
461999
46332
466252
46875
47097
476693
47729
47731
478780
479109
480682
488951
489202
489869
490337
491756
492173
49352
49619
50676
51092
51093
51187
51653
52257
52460
52750
52801
53383
54459
54922
55221
55349
55628
55675
5571
57212
57720
58098
58817
58921
59845
59891
60415
60703
61212
61338
62062
62226
62863
62878
62896
63250
63400
63675
64108
64419
6503
65659
66092
66787
67124
67274
67691
68562
68586
69581
69623
70079
71065
71767
75843
76439
77193
7845
79419
79793
80455
81078
81083
81109
81140
81172
81856
81983
82204
82839
83697
84269
84657
84724
8581
85850
8624
88195
88397
89817
90057
90249
90528
9127
91306
93093
93567
94562
94951
9517
96302
96328
96910
97413
9852
99072
99330
99585
99610
