102512
102696
103450
113731
120561
139231
140392
149382
151668
153079
153755
153912
154851
167590
176516
181040
185043
189682
190438
194175
201878
210255
215448
216707
231329
232773
235750
236582
239490
239695
242244
244431
244742
245140
246635
249620
251824
252340
252432
252591
255448
256867
258135
258792
259408
259413
260528
26070
262746
262763
262766
262768
263751
264997
265645
266092
266831
266962
267002
267358
267829
270342
271139
272418
272737
278802
283697
285637
285852
285854
288529
289362
294763
295230
296498
297183
297593
298603
300542
300901
300981
303617
304083
304792
305255
310609
311603
312014
312659
313339
313751
314283
315772
316627
317057
317224
317474
317563
318731
318772
321035
321693
328554
329248
329252
329626
330057
330415
331053
331116
331864
332008
334864
335132
335249
336841
338656
338731
338923
339896
341109
341851
342391
343422
357997
364539
365775
367465
368015
368452
369510
371968
372013
373885
373950
374689
374920
381714
383491
387536
388342
392931
392946
393161
394692
396808
396809
397447
398076
398995
401418
401666
403749
403917
403927
405704
411585
41302
416022
416401
416915
418692
420116
422506
422792
424166
424852
426025
430286
430487
432056
432781
436832
437398
439874
443191
443341
443498
450286
457547
458200
460359
460997
462352
465293
465630
475198
477523
479440
53603
66646
70005
71627
90140
99540
100174
108115
108247
11317
120560
121057
124182
125872
126625
129354
12996
13243
13269
133731
13877
13916
13921
140248
141492
143171
144902
14837
150249
154186
162541
162856
165210
165434
165689
172491
17317
178744
179018
179109
183507
185069
185102
185113
185172
186291
186754
187316
18780
188910
19043
19097
19145
197969
199064
200000
201096
202129
202239
20288
204914
210918
211578
21159
21417
215473
217126
222609
224132
224183
22655
228641
230222
232293
233941
236850
239442
24271
243147
247433
251356
251362
254603
256879
262050
263935
264504
265188
26699
267776
267918
269201
274023
274091
275370
276285
276466
276744
27687
276906
28277
284728
285556
28698
289455
290491
291716
299928
30169
303314
305155
306646
308957
309415
310424
31214
312966
313478
314354
318734
319532
320916
321157
321574
323690
32412
32714
328481
328694
32967
329677
329720
331311
331320
331845
333541
333631
334625
337209
338638
339223
344544
344552
35339
361535
368390
373944
37513
375354
38499
390546
393143
393602
395257
395919
396524
411636
41688
419692
421383
421506
42208
422908
43332
436141
44535
45349
45638
46332
47731
479109
489869
492173
51093
51187
51653
52750
52801
53383
54459
55221
55349
55628
5571
58098
58817
59845
60415
61338
62062
62226
62896
63675
64108
64419
65659
66787
67124
67274
69623
70079
7845
79419
81078
81083
81140
81172
82204
82839
8624
88195
90528
9127
91306
94951
9517
99072
99610
