107924
117960
125296
159917
161566
172388
178238
179473
203132
209611
216258
217753
217984
218431
221828
225594
230244
237144
240690
241696
242591
242801
243163
243284
248659
24941
250944
251327
251670
252040
252104
252415
252493
252779
253674
255449
256574
256575
259093
260626
260992
261100
261198
262511
262748
262877
263771
264356
264606
264720
264722
265448
266442
266443
266646
266878
266938
267554
267616
267802
269401
271228
272366
272472
272532
276068
277031
277968
278201
279124
280114
282755
283304
283427
283851
283891
284793
285024
286406
286845
287049
287136
287374
288121
289280
289655
289992
290135
290913
290916
291893
294322
294534
294768
294893
294970
295638
296229
296781
296782
296784
296794
296836
296878
297116
297280
297392
297529
297645
297663
297709
297752
298031
298281
298951
299127
303313
303698
303705
303794
304176
304573
304927
306069
306763
306970
308199
308672
308978
309035
309977
312204
316155
316199
318255
318388
318607
319854
320875
321385
321592
322812
324769
326116
330241
330680
330754
331115
332019
332271
333461
333654
333803
334480
335224
336833
337181
337680
337707
337903
338018
338089
338271
338673
339000
339222
339248
339980
342074
342410
342858
343935
344674
347587
347599
348758
349051
349517
349782
350290
350347
353126
356687
356778
358823
360913
361559
362404
364815
364947
366281
369295
369319
369527
370952
371987
372768
372818
372840
372973
373169
374264
376381
376688
376882
377318
378068
379525
383358
385389
385550
385989
387940
388074
388724
391265
391389
391927
393098
393147
393829
393932
394030
394296
394530
394547
394721
395016
395228
395558
395989
395992
396823
396977
397464
397747
398211
398965
399087
403923
403924
407056
408060
408072
408114
408937
409717
409723
410170
410173
410371
411529
412139
416016
416198
416935
416992
416998
417801
420188
422178
424273
424283
424581
424614
424920
425109
425277
426963
427227
427232
427883
428741
429399
429498
430267
430573
431488
432132
432515
433026
433591
434159
434173
434791
434884
436997
437847
438956
440804
440815
443309
443410
444236
444354
449098
449107
450208
450858
457926
458852
460521
460799
463332
463360
463936
464974
465521
468457
474073
476517
478136
478714
65875
100155
107621
111653
118222
12044
120572
120615
125013
125580
125677
127655
127656
127987
130317
132998
133141
135219
135612
137091
140289
150244
151280
152142
153044
158292
159157
161282
162434
163906
164162
164677
168182
1708
17925
184222
189931
191862
193795
195423
195808
196242
197985
199135
201063
201718
211767
213179
21926
220215
226151
228506
230370
231263
231757
232333
232828
234170
236251
23652
239940
24082
244514
244548
246594
250472
25324
256532
262389
26321
264112
266094
266924
271757
27194
272334
274364
27462
275286
275308
276111
280333
287078
28793
290034
291924
29553
296589
298066
298520
301242
30412
304191
304193
306392
307756
308898
310903
31300
313080
317497
318681
321608
324285
327079
328233
331028
332421
334635
337887
338229
338529
340338
341604
342926
34591
354766
35590
36427
372128
374605
378258
38140
381942
383110
393719
397842
399665
405780
406478
406995
411588
411641
4121
414444
424745
430195
43103
43228
434269
435279
442614
45356
457515
461999
46875
47097
476693
47729
488951
489202
490337
491756
49352
51092
57212
58921
60703
61212
62878
63250
63400
6503
66092
67691
68586
69581
71065
71767
75843
76439
77193
79793
80455
81109
81856
81983
84269
84724
8581
85850
88397
90057
90249
93093
93567
96302
97413
9852
99330
100593
124978
130922
149801
149803
189294
249549
257505
258072
260865
263173
264999
267710
271446
273499
276467
279924
279981
285573
285814
286221
304174
320983
324237
331447
332489
334876
337077
338675
338809
340470
352785
385237
388078
398648
404471
404477
406274
409594
414084
414100
427169
432125
439912
440930
462948
177095
185759
202245
234143
256087
272567
279715
285568
295905
302831
303506
30468
311835
326377
335275
377141
395071
410650
414122
425006
43364
466252
478780
480682
49619
59891
83697
96328
296998
