125326
144249
208460
216627
218437
226444
245254
250961
251572
254759
255743
260694
262732
264770
265638
266085
267237
267241
269524
272354
272742
280193
285523
286524
287378
288385
288847
288931
289028
291996
292903
295320
295901
297566
307407
319689
320511
320878
324719
325523
329498
330640
337977
339614
339752
343245
347389
353731
362743
364628
386272
386518
394950
395231
395691
400668
406347
407759
408334
408966
408979
409707
411841
417765
418384
422307
424083
424616
426112
430574
432771
433373
433754
446604
450861
471034
477324
14898
170192
181193
193798
200055
200685
202273
233559
246501
250806
251629
260362
261797
268525
280123
28720
29531
299667
300157
300536
300780
30375
304217
311099
31236
312867
314069
314585
328601
337086
337514
350375
362496
367629
400374
406171
408330
42110
433715
45315
50676
52257
52460
54922
55675
57720
62863
68562
84657
89817
94562
96910
99585
