101516
101524
101644
102055
102326
108466
108954
109440
114779
115484
118694
119843
125221
125648
128345
128683
129689
130199
130414
133072
134311
134434
135025
135480
135976
136172
136314
138093
138127
138260
138795
138903
139037
139526
145854
146711
146912
147298
147494
147619
148171
148687
149506
149604
149676
149816
149900
149976
150081
150305
150338
150916
151112
151172
151324
151501
151502
151538
151599
151609
151884
151885
152054
152059
152199
153093
153195
153329
153460
153575
153640
153641
154292
154493
154593
154739
154853
155070
155158
155352
156021
156385
156414
157030
157087
157504
158326
158331
158418
158945
159020
159066
159540
160017
160233
160475
161265
162420
162557
163258
163384
163707
164337
164495
164762
165045
165672
166546
166610
166680
166795
166819
166826
166984
167313
167968
168126
168337
168417
168669
169373
169480
169852
170474
170678
170756
170941
171462
171473
171601
171759
171767
171838
171962
172080
172137
172451
172675
172703
172716
172721
172767
173060
173072
173085
173119
173447
173712
173715
173741
173791
173793
174168
174232
174281
174457
174923
175134
175138
175356
175566
175756
176045
176315
176509
176613
177177
177212
177379
177420
178309
178491
178517
178855
179125
179238
179259
179345
179401
179570
179677
180417
180420
180960
181058
181063
181091
181092
181093
181343
181476
181523
181524
181878
181883
181884
182075
182215
182277
182483
183070
183072
183073
183245
183250
183260
183405
183417
183708
183710
183715
184041
184068
184644
184646
184647
185225
185597
185955
186701
187094
187390
188168
188280
190515
190711
190780
190869
191231
191232
191545
191973
193385
195267
195394
195454
196735
196866
196874
196878
196882
197056
197077
197410
197817
197906
198050
198175
198305
198309
198310
198724
198881
198961
198965
199101
199129
199134
199149
199169
199896
200428
201044
201325
201369
201458
201572
201681
201966
201998
202124
202195
202272
203356
203375
203795
203914
203993
204021
204139
204187
204614
204719
205198
205493
205655
205767
205833
206081
206335
206610
206765
207583
207804
207836
208164
208855
209138
209155
209432
209547
209554
209872
210026
210131
210181
210529
211477
212745
212755
212869
213268
213457
214156
214914
215014
215314
215579
215743
216504
216703
216840
216937
216946
217007
217022
217332
217333
217772
217824
217941
218618
218648
219250
219513
219852
220069
220235
220490
220745
221019
221655
222793
223727
224409
225148
225210
226037
226349
226788
227105
227346
227932
227963
228044
228765
228840
229024
229070
229382
229441
229584
230248
230447
230911
231001
231977
232463
232706
232771
233562
234376
234414
237764
238235
238487
238536
238539
238934
240053
240737
241074
241145
241169
241503
247553
256859
263299
264056
264057
264106
264383
264394
264901
264904
265198
266548
266711
266737
267264
269685
272654
274678
274724
277611
278289
280070
280119
284496
284885
290136
290138
291559
293474
295577
296457
296917
297115
297483
298742
299792
304258
305263
307524
308214
308313
308321
308633
309469
309795
311183
311927
311933
312156
312434
312466
313187
314595
321624
321891
322637
323827
334523
343455
429902
474069
61894
79794
82803
89782
90102
94956
96962
97109
97605
98123
102141
107312
109003
113004
113870
115173
116919
117094
117732
118008
118271
118850
119824
120938
121245
121622
122638
124815
125179
125913
126796
128236
128518
129093
129094
129385
129817
130411
130424
131391
131394
131777
132893
134400
134426
135042
137700
138803
139482
140381
141655
143293
143823
144967
145129
151113
152200
154030
155102
155796
160043
163161
164438
166801
167774
168198
170516
171758
171823
172374
172398
172793
173378
173393
174800
181997
183587
185696
186578
186963
187228
195729
198927
200463
201304
201306
201308
201880
203126
204404
206721
206887
207466
207931
209046
209056
210018
211127
211884
211931
212771
213255
216329
216914
217738
218223
218571
218697
218878
218949
218983
219123
220179
220569
221390
221547
221852
221877
221913
222753
223194
224447
225047
226254
226352
226640
226800
226951
227570
227706
227904
228031
228454
228935
229453
229624
229626
229640
229791
230209
230239
230455
230987
230989
231382
231409
231476
231652
231688
231860
231936
232041
233034
233699
235336
238392
239453
239494
242000
243911
244673
245554
246001
246926
247663
247703
248216
248231
248268
248334
248519
250042
250126
250340
250801
251313
251466
251617
251970
252751
252913
255222
255587
255659
256343
256954
257219
257246
257852
258129
258560
258881
258969
259348
260913
260953
261474
262918
262976
262977
263306
263505
264348
264413
264696
266144
266880
267848
267855
268595
268751
268966
269001
269007
269381
270307
270549
270626
271045
271362
272021
272107
272164
272309
272641
272985
273049
273421
273654
273943
274646
274687
274765
275296
276509
278598
278818
279697
280286
280630
280955
281923
282803
283588
284882
286028
286656
287599
288343
289502
290756
291528
292938
294324
296113
296970
299937
300416
300771
302928
303210
304041
304426
305201
305232
305236
307149
308070
308547
308623
308693
309137
309693
310036
310496
310692
311307
311979
312495
312646
312677
313175
313381
313952
315039
319268
319965
322672
322893
324773
326472
326561
329218
329287
330278
331670
331811
331855
331863
332047
334843
335353
34165
342512
344633
344914
344929
344996
345007
352274
354586
355873
355890
356209
357654
35888
363432
363934
367980
370536
371944
372087
374096
380857
381875
383001
383448
383802
391828
392597
393597
394260
394606
396429
397363
400129
401983
404744
405015
405375
406018
406112
406119
406990
407755
409352
409680
409969
413944
415649
416507
417603
418226
418392
424597
426524
426528
426531
426532
430305
431290
432063
433824
435321
436418
441883
443114
443338
45695
458995
459100
461083
461549
465614
465909
466783
469803
474220
474948
475855
476867
477658
477929
479192
480743
481537
481559
482171
482175
482554
483163
483591
484244
484548
486328
486911
488805
489122
489924
490062
490770
496382
50018
50425
55388
56371
61184
61185
63287
65204
65572
66069
66237
68606
76211
81281
82302
90264
94366
94448
95542
95935
96384
96385
96828
98790
