101516
101524
101644
108954
109440
115484
118694
119843
125221
125648
128345
128683
130414
134311
134434
135025
135976
136172
138093
138127
138260
138903
139037
139526
145854
146711
147298
147494
147619
148171
148687
149506
149604
149900
149976
150305
150338
150916
151112
151501
151502
151538
151599
151609
152054
152059
153093
153195
153329
153641
154292
154493
154593
154739
154853
155070
155158
155352
156414
158331
158945
159020
159066
160017
160475
163258
163384
164337
164495
164762
165045
165672
166546
166610
166795
166984
167313
168126
168417
169373
169480
170756
170941
171767
171838
171962
172080
172137
172451
172716
172721
172767
173060
173072
173119
173712
173791
173793
174168
174923
175134
175756
176045
176613
177177
177212
178855
179125
179238
179259
179345
179401
179570
180417
180420
180960
181058
181091
181092
181093
181524
181878
181883
181884
182075
182215
182277
182483
183070
183072
183073
183260
183405
183417
183708
183710
183715
184041
184068
184644
184646
185597
186701
188168
188280
190515
190711
190869
191545
193385
195454
196735
196866
196874
196878
196882
197056
197077
197906
198050
198309
198310
198961
198965
199101
199129
199149
199169
199896
200428
201044
201325
201369
201572
201681
201966
201998
202272
203356
203375
203914
204021
204139
204614
204719
205198
205833
206081
206610
208164
209138
209547
209554
209872
210131
210181
210529
211477
212745
212755
213268
213457
214156
215314
215743
216703
216840
217332
217941
218618
218648
219513
219852
220235
220490
221019
221655
223727
224409
225148
226037
226349
227963
228765
228840
229024
229070
229441
229584
230248
230447
232463
232706
238235
238536
238539
240053
240737
241145
241169
241503
247553
264057
264106
264383
264394
264904
265198
266548
266711
266737
269685
272654
274678
274724
277611
278289
280119
284496
284885
291559
293474
295577
297115
297483
298742
304258
305263
308214
308321
308633
309469
311183
312156
321624
322637
323827
429902
61894
82803
89782
90102
96962
97605
102141
107312
109003
113004
113870
115173
116919
117732
118008
118850
119824
121245
121622
122638
125913
126796
128236
128518
129093
129094
129385
130411
130424
131391
131394
132893
134426
137700
140381
141655
143293
143823
152200
154030
155102
155796
163161
164438
170516
171758
172374
172793
173378
174800
185696
186578
187228
195729
200463
204404
206887
207931
209046
209056
211127
213255
216329
217738
218571
218697
218878
218949
219123
220569
221390
221547
221852
221913
222753
223194
224447
226800
226951
227904
228031
229453
229624
229626
229791
230455
231382
231409
231476
231688
231860
232041
233034
235336
242000
246926
247663
248216
248231
248268
250126
250801
251617
251970
252751
252913
255222
256343
256954
258560
258969
260913
261474
262918
263306
264413
264696
266144
266880
267848
267855
268966
269007
270307
270549
270626
271045
272107
272164
272641
273654
273943
274646
274687
276509
280286
280630
281923
283588
284882
286656
287599
289502
291528
296970
302928
305201
307149
308693
309137
309693
310036
311307
311979
312646
312677
313175
313381
315039
319965
322672
324773
326472
326561
329218
331811
331855
332047
335353
34165
344914
344996
352274
354586
355890
370536
371944
372087
374096
380857
381875
383802
394260
394606
400129
401983
405375
406119
407755
416507
418392
426524
426528
426531
426532
430305
431290
436418
441883
443114
443338
45695
459100
461083
461549
465909
474220
474948
475855
476867
477929
480743
481537
481559
483163
484244
489122
496382
50018
50425
56371
61185
66237
76211
81281
82302
94366
94448
95542
95935
96384
96385