102055
102326
108466
114779
130199
133072
135480
138795
146912
149676
149816
150081
151172
151324
152199
153575
153640
157087
158418
159540
160233
162420
163707
166680
166819
167968
168669
169852
170474
170678
171473
171601
172675
172703
173085
173447
173741
174232
174281
174457
176315
177420
178309
178491
178517
181343
181476
181523
183245
183250
184647
185225
185955
187390
191231
191232
197410
197817
198175
198724
198881
201458
202195
203993
205493
206335
206765
207583
207804
207836
209432
210026
215579
216504
216937
216946
217007
217022
217333
217772
220069
222793
226788
227105
227346
227932
228044
231977
232771
233562
234376
238487
241074
256859
263299
264056
264901
267264
296457
307524
309795
311933
312466
313187
314595
321891
474069
79794
117094
118271
120938
129817
139482
144967
145129
151113
160043
172398
173393
181997
198927
201304
201306
201308
201880
203126
210018
216914
218223
218983
220179
225047
226254
226640
227570
227706
228454
229640
230209
230239
230987
230989
231936
233699
239494
243911
244673
246001
247703
248519
250340
251466
255659
257219
257246
257852
258129
258881
259348
260953
263505
264348
269381
272021
272309
272985
273049
273421
274765
278818
280955
286028
292938
296113
300416
300771
303210
304041
305232
308070
308547
308623
310496
312495
319268
322893
329287
330278
331670
334843
342512
356209
35888
367980
383001
383448
391828
392597
396429
404744
406112
409969
413944
415649
417603
418226
435321
466783
469803
477658
479192
482171
482175
482554
483591
484548
486328
488805
489924
490062
490770
61184
63287
65204
66069
68606
90264
96828
98790
171462
166801
183587
250042
305236
405015
409352
432063
433824
465614