129689
136314
151884
151885
153460
156021
156385
157030
157504
158326
161265
162557
166826
168337
171759
173715
175138
175356
175566
176509
177379
179677
181063
187094
190780
191973
195267
195394
198305
199134
202124
203795
204187
205655
205767
208855
209155
212869
214914
215014
217824
219250
220745
225210
229382
230911
231001
234414
237764
238934
280070
290136
290138
296917
299792
308313
311927
312434
334523
343455
94956
97109
98123
124815
125179
131777
134400
135042
138803
167774
168198
171823
186963
206721
207466
211884
211931
212771
221877
226352
228935
231652
238392
239453
245554
248334
251313
255587
262976
262977
268595
268751
269001
271362
275296
278598
279697
282803
288343
290756
294324
299937
304426
310692
313952
331863
344633
344929
345007
355873
357654
363432
363934
393597
397363
406018
406990
409680
424597
458995
486911
55388
65572
