10499
15036
217966
218645
25539
287164
3313
336934
361441
362591
364450
366131
366298
366999
367023
375248
375326
376930
376977
379793
380194
380501
381121
381345
381358
382347
382350
382353
382355
382702
382713
382721
382727
383015
383046
383062
383085
383096
383378
383600
383624
383714
383884
383908
383913
383949
383950
383968
383970
383973
384317
384320
384567
384595
384600
384666
384667
384687
384750
385009
385111
385132
385137
385293
385374
386007
388085
388634
388739
388800
388936
388954
390761
390784
390882
390883
391108
391196
391315
391331
391376
391464
391500
391521
391890
391893
391894
391895
391898
392099
392119
392245
392384
392671
392862
394356
395612
395658
395663
395886
396139
396258
396576
398158
398267
398490
398734
399224
399453
399534
399537
399567
399600
399695
399768
399769
399770
399773
399778
399780
399791
399792
399793
399794
399979
400556
400568
400650
400710
400745
400761
400871
400874
400899
400902
400919
401030
401035
401222
401246
401487
401551
401610
401627
401769
401790
401796
401845
401847
401848
401853
401939
401941
401989
402028
402080
402173
402198
402219
402231
402233
402259
402261
402609
402618
402665
402673
402674
402812
402818
402819
402831
402892
403132
403216
403410
403444
403457
403581
403705
403810
403867
403881
403985
404285
404489
404649
404657
404690
404728
405025
405051
405066
405067
405068
405069
405071
405104
405125
405126
405134
405250
405517
405843
405889
405934
406175
406178
406181
406319
406388
406392
406396
406467
406468
406469
406584
406586
406587
406589
406619
406627
406636
406641
406744
406773
406846
406847
406859
406973
406982
407106
407131
407189
407191
407297
407364
408230
409236
409244
409245
409247
409250
409517
409544
409586
410114
410402
411273
411964
412149
412150
412151
412153
412155
412284
412453
412650
412726
412882
413569
413592
413913
414038
414380
414384
414444
415043
415291
415308
415397
415399
415470
415541
415543
415821
415844
415850
415911
416172
416174
416175
416176
416181
416183
416307
416313
416379
416559
416560
416885
416886
417017
417076
417113
417295
417388
417659
417660
417669
417758
417759
417923
417935
417937
418000
418041
418096
418347
418528
418919
418921
418979
419057
419165
419209
419331
419748
419833
419918
420004
420038
420041
420080
420084
420283
420284
420413
420456
420458
420482
420525
420580
420582
420598
420660
421148
421469
421473
421536
421543
421607
421620
421628
421711
421712
421791
421797
421897
421902
421926
421927
422050
422051
422064
422107
422134
422259
422468
422489
422515
422516
422800
422801
422901
423122
423496
423504
423505
423582
423584
423685
423803
423849
423872
424053
424080
424110
424119
424138
424167
424195
424205
424226
424242
424286
424403
424415
424444
424589
424591
424624
424628
424631
424710
424712
424718
424725
424727
424742
424845
424930
425040
425142
425152
425153
425156
425460
425512
425621
425632
425712
425718
425719
425783
425798
425951
426048
426074
426078
426086
426206
426214
426290
426315
426318
426366
426411
426434
426447
426480
426510
426515
426520
426534
426540
426544
426563
426590
426633
426652
426676
426678
426680
426778
426792
426851
426965
426998
427072
427105
427117
427207
427255
427337
427433
427438
427463
427483
427504
427532
427537
428468
429279
429403
429733
429812
429833
429836
429845
429910
429934
429935
429966
429985
430015
430026
430027
430033
430035
430069
430084
430136
430141
430159
430219
430241
430307
430310
430451
431275
464369
472815
475865
477790
478042
478225
478427
481223
481564
66570
66908
68594
69152
69308
69598
69658
70665
71113
71702
71705
71852
100302
103148
103672
104245
110596
11076
110797
114116
116419
120892
122755
124099
125641
126180
126914
127575
135328
135997
137452
137623
143001
143212
144858
145202
14597
147877
148328
148944
149562
150632
150655
152135
153130
153399
154811
157069
157570
158274
161175
161704
162740
165346
168331
170843
170954
17531
175832
176320
176364
176591
177174
177683
177962
178039
178760
179529
179672
180169
181393
186457
190268
193784
193909
204417
208186
209661
211256
217002
22132
222080
223899
227546
228691
230885
23162
23284
234074
23573
240264
246276
24747
249027
24934
249692
249785
25233
252556
25377
255142
25815
25859
25890
260717
262517
26588
268802
27027
270754
27173
27370
27494
27499
27555
27595
277204
277382
28951
291040
291322
292087
29274
29516
29536
29585
29621
30099
30102
301894
30224
30511
30516
30907
310747
31230
31261
317719
318401
324987
326950
327143
334315
334622
334652
335118
335309
335780
336451
337415
337751
33806
338370
338398
339913
340365
341296
341499
342757
343060
343480
343713
345305
346042
354502
356620
356851
357110
357425
360164
361407
36271
363293
365387
365859
365992
366063
367154
367836
368646
369079
369381
372418
373953
376550
377710
377883
380048
380112
380313
381172
381443
381445
381567
382069
382590
382606
382778
382960
385858
386259
386901
391092
392581
393356
393781
39499
398520
401271
401726
402081
403036
403147
404169
405038
405699
406928
410207
412076
412639
413083
41395
415413
41554
416480
416586
418599
418843
420894
421796
42243
422832
423280
423409
423467
42402
424071
424075
424198
424290
424637
424728
424914
425183
425493
426058
426537
426565
426589
426984
427168
427196
427199
427216
427218
427223
427224
427320
427367
427479
427538
427677
427748
427749
428112
428261
428274
428291
428294
428366
428522
428524
428526
428552
428642
428786
428985
429340
429490
429759
429763
429949
429958
430108
430150
430195
430987
431402
431716
431810
431811
431963
43212
432531
432603
432605
432628
433503
433586
433735
433989
434297
434630
435397
435570
435767
436091
436486
437007
437444
437639
438458
438469
438875
439431
439516
439750
439889
440152
441338
441693
441731
441790
442245
442868
443870
443932
444964
445231
44647
446691
447062
447119
448043
448112
448792
448800
449063
449262
449659
450037
450604
451660
451677
452788
453475
453635
455042
455180
455427
455723
456236
456395
456459
456861
456960
458577
459189
460422
460465
460484
46084
461268
461863
462147
462768
463728
464081
464570
464977
465296
465910
465925
46612
466512
466713
466730
467430
467610
467618
468893
469201
469668
469753
470207
470535
471034
471062
471270
471352
471611
471883
472178
472205
473657
474762
475294
476738
476859
477719
477891
479284
479469
479474
479963
480029
480075
480086
480462
480989
481276
481332
482309
482752
482775
483228
483467
483534
483690
483895
484114
484220
484479
484954
484957
485302
485581
485593
486719
487586
487781
488441
488461
488888
489962
489963
490343
490724
491485
491656
492939
494487
494831
496596
497603
497698
497879
499048
500673
51529
53624
55930
58314
60081
61189
65738
72238
72248
72352
73573
73675
74753
74934
78151
79809
80339
82137
83236
83297
85384
85713
86779
86970
88756
88757
88845
89849
90612
90615
92005
93208
93249
93254
94653
94965
95167
95505
96765
97310
