217966
287164
366298
380501
383624
383968
383970
384667
385132
385293
385374
388739
391376
391895
392099
392862
395612
395663
398267
398490
399769
399979
400568
400899
401246
401487
401790
401848
402173
402231
402892
403705
403810
403985
404285
404690
405025
405067
405068
405069
405071
405104
406319
407297
409236
409245
410402
412149
412150
412151
412153
412650
413913
420004
421711
423504
423505
424053
424286
424591
426678
426792
428468
472815
478042
11076
110797
114116
14597
152135
153399
161704
162740
176320
178039
178760
179672
180169
222080
23162
234074
24934
252556
26588
28951
291322
29621
326950
335309
337415
341296
356620
356851
357110
363293
369381
373953
380313
392581
393781
403147
410207
413083
418599
423409
427218
434630
437444
438875
442245
449659
455042
455427
462147
465296
465910
467618
471062
476859
479474
480029
483228
483895
485302
489963
51529
65738
73675
85384
86970
90612
94965
