10499
15036
218645
25539
3313
336934
366131
366999
376930
376977
379793
380194
381121
381345
381358
382350
382702
382721
382727
383015
383062
383085
383378
383714
383884
383908
383913
383950
383973
384317
384595
384666
385009
385111
385137
386007
388085
388634
388800
388936
388954
390761
390784
390882
390883
391108
391196
391315
391331
391464
391521
391890
391893
391894
391898
392119
392245
392384
394356
395658
395886
396139
396258
396576
398158
399224
399453
399567
399600
399768
399770
399778
399791
399793
399794
400556
400650
400871
400874
400902
400919
401030
401035
401551
401610
401627
401769
401847
401853
401939
401941
401989
402198
402219
402233
402259
402261
402665
402674
402812
402831
403132
403216
403410
403457
403581
403867
403881
404489
404649
404657
405051
405066
405517
405843
405889
405934
406175
406178
406181
406467
406468
406469
406587
406589
406619
406627
406744
406859
406973
406982
407106
407131
407189
407191
407364
409244
409250
409586
411273
411964
412155
412284
412726
412882
413569
413592
414380
414384
414444
415043
415291
415308
415397
415399
415470
415541
415543
415821
415850
415911
416172
416174
416175
416176
416181
416183
416307
416313
416379
416559
416560
416886
417017
417113
417295
417388
417659
417660
417669
417758
417759
417923
417935
417937
418000
418096
418347
418528
418919
418921
418979
419057
419165
419209
419331
419918
420038
420041
420080
420283
420413
420456
420458
420482
420525
420580
420582
420660
421148
421473
421536
421543
421607
421620
421628
421712
421791
421797
421897
421902
421926
421927
422050
422051
422064
422468
422800
422901
423122
423496
423803
423849
424080
424110
424167
424205
424226
424242
424415
424444
424624
424631
424718
424845
424930
425040
425153
425156
425460
425621
425632
425712
425718
425719
425783
426074
426078
426086
426290
426366
426411
426434
426447
426480
426510
426515
426520
426534
426540
426590
426633
426676
426680
426851
426965
427117
427337
427463
427483
427532
429279
429403
429812
429836
429910
429966
430026
430033
430069
430136
430141
430159
430219
430241
430310
430451
475865
477790
478427
481564
66570
66908
69598
69658
70665
71113
71702
71705
103148
103672
104245
110596
116419
124099
125641
126180
126914
127575
135328
135997
137452
143001
145202
148328
148944
149562
150632
150655
157570
158274
161175
165346
168331
170843
17531
175832
176591
177683
177962
179529
181393
186457
193784
193909
208186
209661
217002
22132
228691
230885
23284
24747
249692
25859
260717
262517
268802
270754
27173
27370
27494
27499
27555
27595
291040
292087
29274
29516
29536
30099
30102
301894
30224
30511
30516
317719
318401
324987
327143
334315
334622
334652
335118
335780
337751
338370
338398
340365
341499
342757
343060
343713
345305
346042
354502
357425
360164
361407
36271
365387
365859
365992
366063
367154
368646
369079
372418
376550
377710
381443
381445
381567
382069
382590
382778
382960
385858
386259
386901
391092
39499
398520
401726
402081
404169
405699
406928
412076
41395
415413
41554
416480
416586
421796
423467
42402
424075
424290
424728
424914
425183
425493
426058
426565
426589
426984
427196
427199
427223
427224
427320
427538
427748
428261
428274
428291
428294
428366
428522
428526
428552
428642
428786
428985
429490
429759
429763
429949
429958
430108
430150
430195
430987
431810
431811
431963
43212
432603
432605
432628
433503
433586
433989
435397
435570
435767
437007
438458
438469
439516
439889
440152
441338
441693
441731
441790
443932
444964
445231
448792
448800
449063
449262
451660
451677
452788
453475
453635
455723
456459
456960
458577
460465
461268
463728
464977
465925
46612
466713
466730
467430
467610
468893
469201
469668
469753
470207
470535
471270
472205
473657
477719
477891
479284
479469
479963
480075
480086
480462
481276
481332
482309
482752
482775
483534
483690
484114
484220
484954
485581
485593
486719
487586
487781
488461
489962
490724
491485
491656
492939
494831
496596
497603
497879
499048
55930
60081
61189
72238
72352
73573
74753
74934
79809
83297
85713
86779
88757
90615
93249
95167
95505
96765
364450
382347
382353
382355
382713
383046
383600
383949
384320
384567
384600
384687
384750
391500
398734
399534
399537
399695
399773
399780
399792
400745
400761
401222
401796
401845
402028
402080
402609
402618
402818
402819
405125
405126
405134
405250
406392
406396
406586
409247
409517
409544
415844
417076
420084
420598
422107
422259
423685
425512
426206
426214
426318
426544
426652
426998
427072
427105
429985
69308
120892
144858
147877
157069
170954
176364
177174
211256
223899
227546
23573
249785
25377
255142
25815
25890
30907
310747
31230
31261
33806
339913
343480
367836
380112
382606
403036
405038
42243
426537
429340
433735
439750
442868
447119
450037
456236
456395
459189
461863
480989
484479
484957
488441
78151
80339
82137
88756
89849
94653
97310
426778
472178
427479
