361441
362591
367023
375248
375326
383096
392671
400710
402673
403444
404728
406388
406584
406636
406641
406773
406846
406847
408230
410114
412453
414038
416885
418041
419748
419833
420284
421469
422134
422489
422515
422516
422801
423582
423584
423872
424119
424138
424195
424403
424589
424628
424710
424712
424725
424727
424742
425142
425152
425798
425951
426048
426315
426563
427207
427255
427433
427438
427504
427537
429733
429833
429845
429934
429935
430015
430027
430035
430084
430307
431275
464369
478225
481223
68594
69152
71852
100302
122755
137623
143212
153130
154811
190268
204417
240264
246276
249027
25233
27027
277204
277382
29585
336451
377883
380048
381172
393356
401271
412639
418843
420894
422832
423280
424071
424198
424637
427168
427216
427367
427677
427749
428112
428524
431402
431716
432531
434297
436091
436486
437639
439431
443870
44647
446691
447062
448043
448112
450604
455180
456861
460422
460484
46084
462768
464081
464570
466512
471034
471352
471611
471883
474762
475294
476738
483467
488888
490343
494487
497698
500673
53624
58314
72248
83236
88845
92005
93208
93254
