100593	11
102512	5
102696	119
103450	4
107924	27
113731	44
117960	6
120561	1
124978	1
125296	3
125326	1
130922	3
139231	25
140392	2
144249	324
149382	1
149801	1
149803	1
151668	19
153079	6
153755	1
153912	133
154851	1
159917	1
161566	1
167590	6
172388	98
176516	1
178238	4
179473	2
181040	28
185043	8
189294	1
189682	1
190438	1
194175	3
201878	1
203132	1
208460	3
209611	1
210255	3
215448	17
216258	1
216627	329
216707	57
217753	1
217984	27
218431	21
218437	1480
221828	1
225594	1
226444	93
230244	1
231329	49
232773	44
235750	1
236582	21
237144	1
239490	9
239695	3
240690	24
241696	1
242244	3
242591	5
242801	14
243163	3
243284	2801
244431	663
244742	210
245140	1
245254	936
246635	1
248659	2
24941	1
249549	4
249620	15
250944	3
250961	287
251327	1
251572	5
251670	3
251824	1
252040	4
252104	3
252340	5
252415	1
252432	55
252493	1
252591	182
252779	5
253674	1
254759	3
255448	9
255449	1
255743	1
256574	2
256575	1
256867	1
257505	15
258072	54
258135	1
258792	1
259093	163
259408	8
259413	9
260528	14
260626	89
260694	169
26070	1
260865	1
260992	1
261100	1
261198	108
262511	106
262732	57
262746	1
262748	1
262763	1
262766	1
262768	10
262877	25
263173	1
263751	2
263771	1
264356	3
264606	6
264720	1
264722	1
264770	101
264997	7
264999	4
265448	5
265638	40
265645	2
266085	2
266092	2
266442	1
266443	1
266646	3
266831	4
266878	1
266938	1
266962	2
267002	1
267237	2
267241	86
267358	1
267554	2
267616	2
267710	1
267802	1
267829	7
269401	2
269524	1
270342	2
271139	26
271228	11
271446	1
272354	8
272366	24
272418	2
272472	1
272532	2
272737	8
272742	1
273499	2
276068	1
276467	5
277031	236
277968	19
278201	29
278802	2
279124	32
279924	1
279981	47
280114	1
280193	205
282755	2
283304	2
283427	1
283697	146
283851	1
283891	17
284793	52
285024	1
285523	300
285573	8
285637	1
285814	2
285852	2
285854	4
286221	4
286406	48
286524	1
286845	1
287049	577
287136	1
287374	4
287378	385
288121	3
288385	953
288529	1
288847	187
288931	6
289028	475
289280	1
289362	2
289655	1
289992	191
290135	44
290913	21
290916	14
291893	6
291996	4
292903	4
294322	36
294534	2
294763	12
294768	30
294893	474
294970	28
295230	7
295320	12
295638	3
295901	8
296229	1
296498	25
296781	1
296782	9
296784	1
296794	10
296836	5
296878	18
297116	49
297183	4
297280	10
297392	1
297529	1
297566	1
297593	2
297645	1
297663	1
297709	1
297752	7
298031	3
298281	1
298603	1
298951	1
299127	21
300542	2
300901	5
300981	3
303313	57
303617	102
303698	3
303705	1
303794	1
304083	3
304174	43
304176	1
304573	1
304792	86
304927	2
305255	1
306069	1
306763	73
306970	1
307407	275
308199	1
308672	1
308978	1859
309035	3
309977	4
310609	1
311603	1
312014	734
312204	2
312659	140
313339	80
313751	1062
314283	9
315772	1
316155	8
316199	1
316627	1
317057	3
317224	2
317474	1
317563	1
318255	3
318388	10
318607	1
318731	24
318772	5
319689	1
319854	3
320511	2
320875	33
320878	1
320983	158
321035	2
321385	3
321592	12
321693	58
322812	1
324237	1
324719	17
324769	20
325523	163
326116	2
328554	4
329248	110
329252	58
329498	40
329626	9
330057	13
330241	80
330415	4
330640	86
330680	3
330754	1
331053	1
331115	46
331116	6
331447	5
331864	25
332008	169
332019	2
332271	1
332489	1
333461	1
333654	1
333803	9
334480	33
334864	9
334876	3
335132	6
335224	1
335249	19
336833	1
336841	5
337077	5
337181	6
337680	1
337707	86
337903	14
337977	1
338018	27
338089	38
338271	1
338656	5
338673	1
338675	2
338731	5
338809	28
338923	10
339000	1
339222	120
339248	2
339614	4
339752	30
339896	2
339980	1
340470	1
341109	5
341851	1
342074	1
342391	1
342410	516
342858	20
343245	18
343422	1
343935	1
344674	5
347389	128
347587	53
347599	1
348758	4
349051	45
349517	2
349782	6
350290	1
350347	11
352785	2
353126	5
353731	1053
356687	1
356778	2
357997	4
358823	3
360913	14
361559	1
362404	6
362743	92
364539	39
364628	552
364815	1
364947	7
365775	2
366281	1
367465	1
368015	1
368452	5
369295	1
369319	1
369510	1
369527	1
370952	7
371968	1
371987	65
372013	6
372768	1
372818	128
372840	1
372973	8
373169	8
373885	3
373950	1
374264	2
374689	2
374920	5
376381	1
376688	1
376882	1
377318	22
378068	268
379525	1
381714	23
383358	3
383491	10
385237	8
385389	11
385550	2
385989	5
386272	78
386518	227
387536	1
387940	21
388074	2
388078	3
388342	30
388724	1
391265	78
391389	1
391927	1
392931	9
392946	1
393098	1
393147	1
393161	8
393829	1
393932	4
394030	2
394296	3
394530	19
394547	1
394692	5
394721	3
394950	51
395016	1
395228	1
395231	5
395558	8
395691	17
395989	2
395992	5
396808	3
396809	334
396823	35
396977	16
397447	23
397464	2
397747	1
398076	177
398211	1
398648	3
398965	2
398995	2
399087	3
400668	84
401418	1
401666	5
403749	1
403917	1
403923	4
403924	1
403927	3
404471	4
404477	1
405704	1
406274	11
406347	361
407056	2
407759	101
408060	1
408072	29
408114	3
408334	195
408937	1
408966	35
408979	1
409594	33
409707	447
409717	1
409723	1
410170	3
410173	7
410371	52
411529	6
411585	3
411841	207
412139	2
41302	37
414084	2
414100	3
416016	1
416022	126
416198	1
416401	1
416915	77
416935	4
416992	1
416998	2
417765	13
417801	1
418384	79
418692	1
420116	3
420188	1
422178	2
422307	3
422506	124
422792	6
424083	235
424166	1
424273	1
424283	5
424581	1
424614	55
424616	1010
424852	7
424920	34
425109	1
425277	1
426025	1
426112	2
426963	1
427169	1
427227	33
427232	7
427883	1
428741	1
429399	219
429498	1
430267	1
430286	3
430487	3
430573	2
430574	1
431488	1
432056	1
432125	13
432132	14
432515	2
432771	237
432781	5
433026	6
433373	9
433591	16
433754	7
434159	3
434173	5
434791	689
434884	1
436832	1
436997	1
437398	180
437847	2
438956	1
439874	1
439912	2
440804	1
440815	1
440930	1
443191	3
443309	5
443341	5
443410	265
443498	3
444236	1
444354	3
446604	81
449098	1
449107	5
450208	91
450286	1
450858	1
450861	2
457547	9
457926	28
458200	1
458852	1
460359	1
460521	5
460799	257
460997	1
462352	1
462948	141
463332	3
463360	7
463936	1
464974	1
465293	2
465521	3202
465630	4
468457	4
471034	1
474073	95
475198	1
476517	1
477324	502
477523	104
478136	3
478714	443
479440	8
53603	17
65875	1
66646	3
70005	1
71627	1
90140	1
99540	1
100155	1
100174	2
107621	3
108115	263
108247	22
111653	149
11317	1
118222	2
12044	28
120560	13
120572	13
120615	4
121057	7
124182	2
125013	246
125580	15
125677	11
125872	1
126625	3
127655	3
127656	6
127987	2
129354	45
12996	4
130317	147
13243	18
13269	4
132998	1
133141	1
133731	5
135219	6
135612	1
137091	2
13877	-1
13916	1
13921	1894
140248	2
140289	8
141492	6
143171	7
144902	19
14837	97
14898	58
150244	34
150249	158
151280	4
152142	27
153044	870
154186	5
158292	1
159157	6
161282	1
162434	970
162541	3
162856	11
163906	2
164162	26
164677	5
165210	1
165434	2
165689	458
168182	2
170192	29
1708	32
172491	2
17317	13
177095	1
178744	18
179018	3
179109	41
17925	313
181193	12
183507	2
184222	78
185069	1
185102	3
185113	6
185172	20
185759	3
186291	6
186754	5
187316	7
18780	14
188910	1
189931	1
19043	49
19097	2
19145	8
191862	3
193795	10
193798	9
195423	211
195808	5
196242	812
197969	1
197985	1
199064	446
199135	9
200000	6
200055	2
200685	332
201063	1
201096	2
201718	114
202129	1
202239	8
202245	1
202273	243
20288	3
204914	1
210918	11
211578	168
21159	10
211767	1
213179	290
21417	2
215473	1
217126	30
21926	17
220215	1
222609	-1
224132	99
224183	1
226151	8
22655	3
228506	21
228641	3
230222	2
230370	3
231263	966
231757	203
232293	1
232333	1
232828	1
233559	119
233941	19
234143	458
234170	1
236251	124
23652	31
236850	1
239442	1
239940	97
24082	67
24271	293
243147	1
244514	1
244548	4
246501	1838
246594	9
247433	6
250472	1
250806	209
251356	1
251362	3
251629	1
25324	3
254603	1
256087	4
256532	3
256879	1
260362	284
261797	5
262050	4
262389	9
26321	5
263935	42
264112	1368
264504	29
265188	1
266094	1
266924	2
26699	10
267776	7
267918	17
268525	1
269201	1
271757	1
27194	12
272334	2
272567	13
274023	63
274091	1
274364	66
27462	3
275286	2
275308	19
275370	3
276111	2
276285	1
276466	1
276744	1
27687	3
276906	9
279715	6
280123	464
280333	1
28277	125
284728	1
285556	1
285568	3
28698	391
287078	26
28720	1200
28793	42
289455	3
290034	33
290491	1
291716	9
291924	2
29531	2221
29553	58
295905	1
296589	5
296998	25
298066	112
298520	41
299667	2469
299928	31
300157	209
300536	36
300780	6
301242	939
30169	-1
302831	2
303314	7
303506	1
30375	172
30412	14
304191	1
304193	1
304217	4
30468	2
305155	17
306392	6
306646	522
307756	52
308898	1
308957	3
309415	8
310424	2
310903	1
311099	248
311835	4
31214	1
31236	1
312867	721
312966	1
31300	284
313080	1
313478	12
314069	2
314354	19
314585	3
317497	75
318681	6
318734	13
319532	1
320916	6
321157	5
321574	1
321608	6
323690	1
32412	906
324285	5
326377	559
327079	16
32714	1
328233	1
328481	4
328601	1
328694	1
32967	1
329677	24
329720	31
331028	178
331311	1
331320	5
331845	1
332421	2
333541	7
333631	441
334625	1
334635	2
335275	2
337086	1
337209	1
337514	123
337887	8
338229	1
338529	1
338638	52
339223	1
340338	1
341604	4
342926	3
344544	2
344552	50
34591	26
350375	446
35339	26
354766	310
35590	160
361535	1
362496	2
36427	2
367629	4
368390	1
372128	16
373944	3
374605	19
37513	25
375354	4
377141	1
378258	23
38140	3
381942	208
383110	19
38499	41
390546	18
393143	1
393602	11
393719	34
395071	148
395257	1
395919	1
396524	1
397842	184
399665	3
400374	35
405780	1
406171	99
406478	1
406995	1
408330	20
410650	1
411588	1
411636	65
411641	232
4121	1
414122	8
414444	26
41688	1
419692	127
42110	144
421383	584
421506	1
42208	40
422908	17
424745	5
425006	5
430195	31
43103	441
43228	7
43332	90
43364	757
433715	1
434269	4
435279	2
436141	1
442614	1254
44535	132
45315	12
45349	31
45356	1
45638	16
457515	2
461999	19
46332	54
466252	69
46875	44
47097	192
476693	179
47729	130
47731	300
478780	1
479109	1
480682	4
488951	1
489202	2
489869	2
490337	4
491756	7
492173	199
49352	844
49619	1248
50676	1050
51092	128
51093	12
51187	12
51653	1
52257	54
52460	4
52750	13
52801	552
53383	6
54459	33
54922	368
55221	1563
55349	287
55628	1
55675	11
5571	2
57212	1
57720	31
58098	227
58817	9
58921	1
59845	21
59891	566
60415	1
60703	57
61212	188
61338	3
62062	41
62226	17
62863	265
62878	2
62896	1
63250	3
63400	2
63675	9
64108	80
64419	1
6503	6
65659	2
66092	19
66787	93
67124	17
67274	141
67691	11
68562	142
68586	11
69581	7
69623	1
70079	20
71065	3
71767	1
75843	14
76439	2
77193	12
7845	1
79419	81
79793	152
80455	6
81078	1
81083	2
81109	1
81140	1
81172	31
81856	180
81983	2
82204	4
82839	709
83697	5
84269	1
84657	570
84724	92
8581	76
85850	3
8624	1
88195	366
88397	4
89817	404
90057	275
90249	103
90528	33
9127	1
91306	6
93093	4
93567	-1
94562	76
94951	212
9517	57
96302	8
96328	1
96910	1
97413	654
9852	1
99072	28
99330	1
99585	194
99610	1
