10499	1
15036	27
217966	3
218645	1
25539	29
287164	12
3313	1
336934	39
361441	614
362591	1
364450	51
366131	1
366298	554
366999	13
367023	546
375248	12
375326	1
376930	1
376977	1
379793	14
380194	194
380501	2
381121	2
381345	4
381358	1
382347	10
382350	11
382353	5
382355	48
382701	1
382702	1
382713	1
382721	1
382727	1
383015	2
383046	167
383062	1
383085	7
383096	111
383378	4
383600	8
383624	1
383714	29
383884	1
383908	4
383913	1
383949	5
383950	2
383968	12
383970	21
383973	45
384317	29
384320	28
384567	14
384595	1
384600	1
384666	1
384667	2
384687	1
384750	1
385009	1
385111	6
385132	105
385137	1
385293	129
385374	13
386007	2
388085	13
388634	27
388739	4
388800	34
388936	1
388954	16
390761	27
390784	1
390882	1
390883	173
391108	1
391196	1
391315	1
391331	1
391376	1
391464	1
391500	1
391521	1
391890	12
391893	2
391894	7
391895	1
391898	1
392099	1
392119	2
392245	1
392384	2
392671	26
392862	1
394356	1
395612	1
395658	1
395663	1
395886	8
396139	69
396258	5
396576	1
398158	39
398267	2
398490	8
398734	1
399224	1
399453	6
399534	1
399537	1
399567	2
399600	82
399695	2
399768	120
399769	4
399770	2
399773	3
399778	2
399780	4
399791	5
399792	6
399793	1
399794	1
399979	2
400556	1
400568	1
400650	1
400710	14
400745	1
400761	18
400871	1
400874	1
400899	1
400902	9
400919	4
401030	1
401035	2
401222	1
401246	1
401487	1
401551	6
401610	2
401627	1
401769	2
401790	2
401796	2
401845	1
401847	2
401848	5
401853	1
401939	1
401941	1
401989	3
402028	3
402080	3
402173	2
402198	1
402219	1
402231	1
402233	1
402259	1
402261	1
402609	1
402618	1
402665	2
402673	9
402674	2
402812	1
402818	18
402819	10
402831	1
402892	2
403132	2
403216	13
403410	2
403444	1
403457	17
403581	1
403705	67
403810	7
403867	1
403881	470
403985	10
404285	1
404489	2
404649	1
404657	1
404690	6
404728	37
405025	1
405051	6
405066	2
405067	3
405068	2
405069	7
405071	1
405104	1
405125	1
405126	1
405134	1
405250	18
405517	1
405843	2
405889	698
405934	1
406175	2
406178	1
406181	1
406319	1
406388	3
406392	9
406396	8
406467	1
406468	12
406469	4
406584	1
406586	2
406587	5
406589	1
406619	2
406627	38
406636	50
406641	1
406744	1
406773	5
406846	2
406847	1
406859	2
406973	7
406982	1
407106	1
407131	25
407189	1
407191	1
407297	1
407364	2
408230	1
409236	2
409244	1
409245	4
409247	1
409250	1
409517	32
409544	1
409586	2
410114	31
410402	49
411273	2
411964	1
412149	1
412150	2
412151	1
412153	1
412155	23
412284	1
412453	1
412650	4
412726	17
412882	7
413569	1
413592	2
413913	49
414038	21
414380	1
414384	1
414444	3
415043	2
415291	1
415308	2
415397	1
415399	1
415470	1
415541	1
415543	1
415821	3
415844	1
415850	2
415911	2
416172	1
416174	4
416175	1
416176	1
416181	1
416183	1
416307	1
416313	26
416379	3
416559	1
416560	26
416885	6
416886	5
417017	1
417076	1
417113	2
417295	1
417388	8
417659	66
417660	18
417669	1
417758	3
417759	3
417923	2
417935	2
417937	1
418000	2
418041	96
418096	1
418347	1
418528	1
418919	1
418921	1
418979	1
419057	12
419165	6
419209	1
419331	3
419748	116
419833	24
419918	4
420004	7
420038	2
420041	104
420080	2
420084	2
420283	1
420284	610
420413	3
420456	6
420458	42
420482	58
420525	1
420580	1
420582	1
420598	1
420660	1
421148	2
421469	637
421473	1
421536	9
421543	1
421607	2
421620	1
421628	1
421711	1
421712	1
421791	2
421797	5
421897	2
421902	17
421926	1
421927	2
422050	1
422051	1
422064	3
422107	1
422134	35
422259	2
422468	1
422489	3
422515	1
422516	54
422800	11
422801	3
422901	1
423122	3
423496	6
423504	1
423505	3
423582	77
423584	5
423685	1
423803	1
423849	9
423872	218
424053	16
424080	1
424110	1
424119	2
424138	2
424167	1
424195	77
424205	2
424226	3
424242	1
424286	12
424403	3
424415	2
424444	3
424589	198
424591	118
424624	3
424628	3
424631	2
424710	1
424712	363
424718	1
424725	75
424727	77
424742	50
424845	1
424930	1
425040	4
425142	1
425152	3
425153	7
425156	1
425460	2
425512	1
425621	2
425632	22
425712	1
425718	3
425719	2
425783	74
425798	17
425951	29
426048	33
426074	2
426078	1
426086	1
426206	1
426214	3
426290	5
426315	13
426318	1
426366	1
426411	1
426434	1
426447	1
426480	1
426510	1
426515	15
426520	1
426534	1
426540	1
426544	1
426563	1
426590	9
426633	7
426652	1
426676	1
426678	1
426680	1
426778	1
426792	2
426851	1
426965	2
426998	6
427072	1
427105	1
427117	1
427207	1
427255	189
427337	7
427433	464
427438	3
427463	1
427483	5
427504	48
427532	1
427537	7
428468	2
429279	3
429403	1
429733	31
429812	1
429833	34
429836	1
429845	49
429910	1
429934	4
429935	6
429966	1
429985	1
430015	2
430026	1
430027	39
430033	1
430035	1
430069	15
430084	29
430136	1
430141	1
430159	1
430219	9
430241	1
430307	1
430310	1
430451	1
431275	3
464369	1
472815	2
475865	7
477790	1
478042	2
478225	1
478427	1
481223	978
481564	1
66570	46
66908	14
68594	2090
69152	71
69308	19
69598	35
69658	1
70665	4
71113	1
71702	63
71705	69
71852	2
100302	1
103148	4
103672	2
104245	1
110596	1
11076	288
110797	6
114116	34
116419	1
120892	5
122755	36
124099	-1
125641	8
126180	63
126914	1
127575	1
135328	376
135997	4
137452	18
137623	1627
143001	11
143212	73
144858	116
145202	18
14597	9
147877	23
148328	2
148944	3
149562	-1
150632	8
150655	2
152135	295
153130	150
153399	-1
154811	238
157069	38
157570	1
158274	2
161175	7
161704	1
162740	99
165346	94
168331	20
170843	3
170954	14
17531	1893
175832	17
176320	4
176364	16
176591	2
177174	3
177683	2
177962	1
178039	1
178760	839
179529	9
179672	3
180169	1
181393	1
186457	3
190268	2
193784	7
193909	172
204417	238
208186	1
209661	13
211256	7
217002	1
22132	1
222080	5
223899	1
227546	9
228691	10
230885	304
23162	1
23284	2
234074	21
23573	4
240264	2
246276	666
24747	256
249027	17
24934	1
249692	10
249785	1
25233	275
252556	1
25377	195
255142	4
25815	3
25859	10
25890	3
260717	1
262517	25
26588	1
268802	1
27027	13
270754	2
27173	20
27370	161
27494	3
27499	1
27555	1
27595	10
277204	11
277382	5
28951	13
291040	27
291322	106
292087	1
29274	1
29516	-1
29536	21
29585	2
29621	1
30099	31
30102	505
301894	9
30224	5
30511	1
30516	20
30907	3
310747	3
31230	3
31261	45
317719	1
318401	1
324987	1
326950	1
327143	1
334315	47
334622	5
334652	8
335118	7
335309	15
335780	29
336451	66
337415	2
337751	1
33806	8
338370	1
338398	1
339913	3
340365	25
341296	4
341499	3
342757	1
343060	15
343480	33
343713	1
345305	3
346042	3
354502	7
356620	6
356851	1
357110	165
357425	1
360164	10
361407	1
36271	36
363293	13
365387	69
365859	1
365992	1
366063	2
367154	1
367836	3
368646	1
369079	2
369381	1
372418	2
373953	1
376550	4
377710	1
377883	1
380048	3
380112	1
380313	93
381172	1
381443	1
381445	1
381567	7
382069	1
382590	1
382606	1
382778	1
382960	4
385858	1
386259	1
386901	9
391092	1
392581	1
393356	5
393781	25
39499	11
398520	15
401271	21
401726	1
402081	1
403036	3
403147	1
404169	52
405038	4
405699	1
406928	1
410207	20
412076	1
412639	1
413083	2
41395	16
415413	1
41554	110
416480	2
416586	2
418599	166
418843	164
420894	1654
421796	3
42243	6
422832	6
423280	1
423409	4
423467	1
42402	62
424071	5
424075	1
424198	1
424290	1
424637	31
424728	2
424914	4
425183	10
425493	1
426058	1
426537	1
426565	3
426589	7
426984	1
427168	4
427196	1
427199	1
427216	6
427218	5
427223	1
427224	1
427320	12
427367	1
427479	48
427538	2
427677	2
427748	1
427749	163
428112	73
428261	3
428274	1
428291	1
428294	1
428366	5
428522	1
428524	1
428526	4
428552	1
428642	1
428786	1
428985	1
429340	14
429490	1
429759	1
429763	2
429949	2
429958	1
430108	132
430150	1
430195	2
430987	1
431402	124
431716	12
431810	2
431811	1
431963	117
43212	651
432531	2
432603	1
432605	2
432628	12
433503	1
433586	5
433735	1
433989	6
434297	11
434630	3
435397	1
435570	2
435767	1
436091	63
436486	21
437007	1
437444	2
437639	1
438458	2
438469	1
438875	28
439431	303
439516	1
439750	1
439889	1
440152	1
441338	1
441693	1
441731	1
441790	2
442245	173
442868	1
443870	100
443932	1
444964	2
445231	43
44647	197
446691	209
447062	481
447119	1
448043	438
448112	34
448792	1
448800	1
449063	1
449262	1
449659	32
450037	1
450604	6
451660	1
451677	1
452788	1
453475	1
453635	1
455042	1
455180	1
455427	6
455723	1
456236	1
456395	25
456459	1
456861	41
456960	1
458577	1
459189	1
460422	242
460465	4
460484	3
46084	91
461268	2
461863	1
462147	15
462768	1
463728	1
464081	1
464570	5
464977	44
465296	1
465910	1
465925	2
46612	9
466512	18
466713	1
466730	1
467430	1
467610	1
467618	2
468893	1
469201	1
469668	1
469753	1
470207	1
470535	1
471034	1
471062	1
471270	56
471352	1
471611	6
471883	18
472178	61
472205	1
473657	1
474762	1
475294	3
476738	5
476859	38
477719	5
477891	1
479284	1
479469	6
479474	3
479963	13
480029	2
480075	1
480086	3
480462	127
480989	9
481276	1
481332	1
482309	87
482752	1
482775	2
483228	12
483467	77
483534	341
483690	2
483895	21
484114	114
484220	14
484479	3
484954	2
484957	2
485302	26
485581	1
485593	2
486719	3
487586	1
487781	2
488441	5
488461	1
488888	613
489962	6
489963	11
490343	1
490724	1
491485	2
491656	1
492939	1
494487	6
494831	3
496596	2
497603	1
497698	277
497879	1
499048	5
500673	388
51529	-1
53624	522
55930	3
58314	31
60081	15
61189	1
65738	739
72238	4
72248	1
72352	42
73573	19
73675	7
74753	7
74934	358
78151	2
79809	3
80339	5
82137	2
83236	1004
83297	10
85384	17
85713	1
86779	12
86970	1
88756	3
88757	1
88845	337
89849	5
90612	1
90615	14
92005	1620
93208	1
93249	5
93254	80
94653	85
94965	6
95167	8
95505	12
96765	13
97310	5
