101516	5
101524	5
101644	38
102055	16
102326	1
108466	19
108954	1394
109440	2
114779	3
115484	2
118694	8
119843	15
125221	1
125648	6
128345	1
128683	62
129689	16
130199	2
130414	4
133072	6
134311	7
134434	9
135025	2
135480	9
135976	8
136172	1
136314	127
138093	102
138127	419
138260	2
138795	1
138903	33
139037	599
139526	55
145854	323
146711	1
146912	907
147298	173
147494	4
147619	6
148171	1241
148687	2
149506	4
149604	75
149676	3
149816	1532
149900	243
149976	1
150081	1
150305	187
150338	1
150916	29
151112	28
151172	2
151324	1
151501	12
151502	28
151538	1
151599	1
151609	326
151884	73
151885	7
152054	38
152059	1
152199	5
153093	3
153195	18
153329	2
153460	4
153575	3
153640	388
153641	66
154292	1
154493	67
154593	46
154739	872
154853	42
155070	4
155158	413
155352	1
156021	30
156385	1366
156414	1
157030	236
157087	1
157504	98
158326	1
158331	3
158418	14
158945	1
159020	10
159066	22
159540	5
160017	2
160233	1
160475	29
161265	8
162420	1
162557	39
163258	66
163384	3
163707	1
164337	46
164495	1
164762	2
165045	1
165672	215
166546	3
166610	1
166680	7
166795	3
166819	1
166826	667
166984	193
167313	11
167968	1
168126	3
168337	50
168417	3
168669	3
169373	1
169480	564
169852	1
170474	2035
170678	11
170756	6
170941	1
171462	1
171473	5
171601	39
171759	1
171767	8
171838	559
171962	17
172080	31
172137	1
172451	1
172675	13
172703	37
172716	2
172721	8
172767	8
173060	7
173072	159
173085	54
173119	2
173447	20
173712	33
173715	84
173741	2
173791	24
173793	1
174168	1
174232	1
174281	2
174457	7
174923	1
175134	2
175138	210
175356	111
175566	41
175756	1
176045	74
176315	9
176509	11
176613	2
177177	42
177212	5
177379	308
177420	12
178309	5
178491	7
178517	2
178855	1
179125	1
179238	1
179259	45
179345	8
179401	3
179570	2
179677	68
180417	1
180420	15
180960	1
181058	2
181063	2
181091	110
181092	12
181093	1
181343	1
181476	9
181523	5
181524	1
181878	16
181883	1
181884	3
182075	4
182215	8
182277	75
182483	27
183070	1
183072	4
183073	28
183245	1
183250	11
183260	1
183405	107
183417	1
183708	7
183710	2
183715	1
184041	4
184068	506
184644	287
184646	21
184647	1
185225	35
185597	208
185955	2
186701	213
187094	82
187390	1
188168	216
188280	1
190515	1
190711	3
190780	604
190869	1
191231	2
191232	1
191545	2
191973	54
193385	1
195267	1
195394	1
195454	5
196735	4
196866	1
196874	1
196878	1
196882	1
197056	8
197077	18
197410	1
197817	4
197906	1
198050	1
198175	3
198305	334
198309	3
198310	1
198724	21
198881	2
198961	33
198965	1
199101	1
199129	26
199134	5
199149	17
199169	4
199896	11
200428	4
201044	19
201325	23
201369	241
201458	1
201572	3
201681	118
201966	21
201998	1
202124	246
202195	1
202272	6
203356	32
203375	1
203795	1246
203914	1
203993	399
204021	1
204139	1
204187	3
204614	1
204719	740
205198	1
205493	17
205655	1705
205767	11
205833	1
206081	14
206335	65
206610	498
206765	6
207583	1
207804	2
207836	719
208164	169
208855	14
209138	11
209155	158
209432	5
209547	2
209554	16
209872	1
210026	1
210131	7
210181	3
210529	1
211477	14
212745	2
212755	2
212869	76
213268	4
213457	4
214156	3
214914	213
215014	127
215314	12
215579	247
215743	34
216504	1
216703	3
216840	1
216937	1
216946	155
217007	5
217022	20
217332	4
217333	2
217772	20
217824	301
217941	1
218618	4
218648	8
219250	11
219513	28
219852	8
220069	48
220235	2
220490	1
220745	1688
221019	2
221655	13
222793	2
223727	8
224409	38
225148	12
225210	14
226037	23
226349	116
226788	1
227105	2
227346	1
227932	19
227963	1
228044	47
228765	12
228840	74
229024	22
229070	63
229382	3
229441	65
229584	170
230248	56
230447	37
230911	223
231001	1101
231977	1
232463	2
232706	19
232771	50
233562	1
234376	1
234414	58
237764	2
238235	7
238487	1
238536	10
238539	4
238934	1
240053	3
240737	4
241074	21
241145	63
241169	1
241503	6
247553	34
256859	6
263299	25
264056	1
264057	18
264106	24
264383	20
264394	33
264901	10
264904	5
265198	2
266548	29
266711	2
266737	1
267264	18
269685	1
272654	90
274678	1
274724	9
277611	18
278289	7
280070	1
280119	4
284496	5
284885	1
290136	118
290138	5
291559	1
293474	1833
295577	1
296457	2
296917	3
297115	2
297483	1
298742	54
299792	58
304258	1
305263	2
307524	787
308214	1
308313	3
308321	6
308633	5
309469	1
309795	5
311183	2
311927	14
311933	2
312156	4
312434	23
312466	2
313187	1
314595	2
321624	7
321891	4
322637	5
323827	3
334523	3
343455	67
429902	1
474069	1
61894	1
79794	1
82803	1
89782	1
90102	5
94956	2
96962	1
97109	41
97605	22
98123	430
102141	8
107312	2
109003	15
113004	162
113870	111
115173	1
116919	1543
117094	231
117732	1
118008	3
118271	18
118850	650
119824	23
120938	9
121245	8
121622	24
122638	12
124815	2
125179	5
125913	3
126796	9
128236	3
128518	3
129093	3
129094	1
129385	4
129817	988
130411	261
130424	48
131391	2
131394	1
131777	3
132893	10
134400	133
134426	1
135042	18
137700	27
138803	11
139482	16
140381	279
141655	2
143293	24
143823	2
144967	1
145129	1
151113	22
152200	1
154030	1
155102	2
155796	215
160043	1
163161	251
164438	41
166801	21
167774	20
168198	86
170516	1
171758	2
171823	1
172374	41
172398	3
172793	2
173378	5
173393	7
174800	6
181997	-1
183587	2
185696	3
186578	6
186963	1193
187228	7
195729	29
198927	1
200463	2
201304	1
201306	14
201308	2
201880	32
203126	14
204404	7
206721	226
206887	1523
207466	20
207931	4
209046	6
209056	85
210018	7
211127	1
211884	41
211931	13
212771	7
213255	10
216329	3
216914	1
217738	1
218223	55
218571	4
218697	36
218878	8
218949	1
218983	299
219123	1
220179	2
220569	1
221390	88
221547	185
221852	73
221877	20
221913	17
222753	761
223194	25
224447	15
225047	1112
226254	192
226352	9
226640	268
226800	107
226951	1
227570	23
227706	11
227904	20
228031	4
228454	2
228935	150
229453	2
229624	44
229626	13
229640	1
229791	18
230209	177
230239	1
230455	2
230987	328
230989	6
231382	1
231409	94
231476	11
231652	3
231688	114
231860	2
231936	1
232041	4
233034	4
233699	19
235336	14
238392	325
239453	4
239494	4
242000	6
243911	20
244673	94
245554	1
246001	11
246926	29
247663	367
247703	1
248216	192
248231	22
248268	1
248334	99
248519	4
250042	5
250126	1
250340	72
250801	5
251313	64
251466	2
251617	2
251970	31
252751	108
252913	45
255222	6
255587	109
255659	32
256343	217
256954	2
257219	1
257246	1
257852	3
258129	7
258560	96
258881	3
258969	278
259348	1
260913	4
260953	13
261474	29
262918	19
262976	12
262977	2
263306	1
263505	87
264348	1
264413	1
264696	24
266144	26
266880	1
267848	46
267855	1
268595	7
268751	1
268966	11
269001	1
269007	5
269381	11
270307	1
270549	35
270626	1
271045	5
271362	182
272021	23
272107	34
272164	23
272309	3
272641	1
272985	2
273049	21
273421	1
273654	1
273943	1
274646	279
274687	25
274765	1
275296	4
276509	1
278598	474
278818	1
279697	6
280286	2
280630	30
280955	5
281923	3
282803	1
283588	39
284882	5
286028	7
286656	4
287599	1
288343	36
289502	3
290756	16
291528	1
292938	7
294324	47
296113	1
296970	4
299937	17
300416	1
300771	1
302928	3
303210	3
304041	1
304426	1
305201	4
305232	1
305236	1
307149	137
308070	2
308547	6
308623	3
308693	5
309137	1
309693	1
310036	1
310496	2
310692	324
311307	1
311979	9
312495	38
312646	2
312677	1
313175	1
313381	2
313952	11
315039	5
319268	84
319965	11
322672	20
322893	1
324773	9
326472	6
326561	1
329218	1
329287	12
330278	2
331670	1
331811	4
331855	1
331863	1
332047	1
334843	5
335353	4
34165	43
342512	1030
344633	7
344914	1
344929	97
344996	563
345007	28
352274	6
354586	15
355873	6
355890	3
356209	6
357654	2
35888	631
363432	82
363934	33
367980	29
370536	209
371944	6
372087	8
374096	1
380857	876
381875	52
383001	27
383448	232
383802	80
391828	1
392597	2
393597	102
394260	17
394606	1
396429	1
397363	4
400129	2
401983	9
404744	13
405015	85
405375	1
406018	642
406112	1
406119	1
406990	1
407755	28
409352	4
409680	51
409969	1
413944	1
415649	2
416507	1
417603	53
418226	1
418392	1197
424597	10
426524	1
426528	4
426531	1
426532	1
430305	4
431290	1
432063	9
433824	2
435321	50
436418	32
441883	34
443114	48
443338	669
45695	2434
458995	1
459100	1
461083	9
461549	3
465614	1
465909	2
466783	2
469803	295
474220	22
474948	-1
475855	14
476867	2
477658	35
477929	1
479192	1
480743	28
481537	1
481559	196
482171	451
482175	1
482554	2
483163	29
483591	250
484244	1324
484548	96
486328	1
486911	146
488805	14
489122	93
489924	2
490062	6
490770	12
496382	11
50018	122
50425	8
55388	41
56371	1
61184	3
61185	4
63287	3
65204	6
65572	428
66069	572
66237	1
68606	56
76211	1
81281	10
82302	5
90264	205
94366	355
94448	2
95542	9
95935	1
96384	5
96385	38
96828	16
98790	38