12428	4
18462	17
38216	1
3839	1
40881	5
43819	16
47378	9
47524	3
47568	36
47569	3
47820	1
47827	64
47828	8
48102	1
48104	1
48117	1
48120	1
48121	10
48123	1
48131	5
48132	15
48133	36
48135	1
48137	9
48139	92
48143	24
48146	12
48147	4
48148	4
48149	4
48150	48
48151	12
48172	1
48173	1
48174	1
48175	6
48176	168
48196	26
48197	10
48217	362
48230	8
48233	19
48234	1
48239	4
48248	3
48249	2
48266	43
48267	722
48282	1
48285	1
48287	1
48288	3
48289	3
48296	-1
48297	1
48324	26
48387	1
48399	1
48424	7
48443	6
48517	61
48523	6
48551	6
48643	1
48644	1
48647	1
48648	1
48662	1
48689	1
48870	91
48914	2
48998	1
49000	1
49014	1
49045	26
49075	8
49082	1
49086	2
49089	1
49091	1
49092	15
49102	1
49103	49
49104	101
49105	93
49106	334
49109	1
49110	1
49118	29
49128	1
49129	40
49132	5
49134	1
49140	13
49141	2
49142	1
49143	1
49144	16
49150	1
49159	4
49171	10
49181	1
49184	11
49207	1
49218	1
49221	1
49226	2
49227	68
49228	22
49234	204
49235	10
49240	82
49284	7
49290	2
49297	1
49299	15
49340	86
49345	3
49360	2
49372	4
49376	106
49426	1
49442	40
49476	1
49478	1
49503	58
49522	45
49525	632
49530	11
49536	36
49550	43
49567	2
49570	1
49600	1
49617	1
49669	1
49670	3
49683	8
49698	2
49714	1
49721	7
49726	4
49750	24
49757	125
49758	1
49779	2
49785	1
49799	1
49802	1
49865	5
49876	14
49883	1
49884	1
49892	1
49909	446
49916	1
49922	2
49937	10
49952	2
49956	1
49957	4
49978	1
49991	7
49994	1
50015	2
50016	7
50017	1
50018	244
50021	2
50027	39
50054	5
50059	1
50063	1
50087	1
50107	2
50108	36
50127	39
50129	1
50157	1
50159	16
50168	2
50169	2
50183	1
50184	4
50192	1
50207	22
50222	1
50230	1
50232	2
50252	4
50293	3
50306	1
50308	2
50310	63
50351	6
50352	2
50353	4
50358	2
50360	8
50408	213
50411	1
50448	3
50503	1
50535	10
50541	1
50554	1
50582	5
50591	1
50597	1
50598	5
50601	58
50629	2
50648	1
50667	2
50679	1
50680	8
50683	66
50709	2
50713	4
50720	11
50721	1
50780	1
50789	1
50790	22
50802	42
50826	21
50836	1
50903	11
50927	3
50928	1
50929	164
50957	24
50984	2
50991	12
50997	1
51038	1
51095	4
51099	1
51136	1
51154	14
51155	258
51197	9
51226	1
51229	23
51240	1
51251	2
51264	1
51276	2
51277	1
51278	1
51294	2
51310	12
51324	1
51340	3
51344	4
51376	4
51386	1
51395	2
51396	3
51401	59
51403	1
51418	1
51436	98
51445	3
51447	8
51453	7
51466	2
51467	52
51494	1
51503	11
51518	6
51526	1
51532	29
51544	241
51545	1
51555	1
51557	24
51558	1
51584	68
51586	4
51610	5
51614	2
51630	115
51640	1
51641	1
51644	9
51650	1
51653	2
51654	1
51658	1
51698	2
51704	1
51712	1
51713	16
51739	1
51741	9
51744	2
51758	5
51774	20
51852	1
51860	1
51862	1
51872	28
51881	2
51887	10
51910	29
51912	1
51952	48
51972	13
52009	3
52028	1
52042	1
52051	2
52055	8
52091	1
52113	6
52135	17
52156	61
52173	27
52184	2
52208	1
52213	3
52245	2
52259	12
52303	4
52316	1
52321	1
52326	1
52328	4
52356	1
52387	1
52405	132
52440	2
52443	1
52444	2
52445	2
52461	1
52474	54
52480	16
52500	15
52511	1
52543	13
52547	4
52577	1
52586	44
52587	44
52591	2
52607	1
52669	1
52671	5
52724	2
52725	1
52726	4
52727	1
52729	1
52731	1
52732	1
52758	1
52770	1
52772	1
52776	1
52777	14
52792	26
52830	6
52833	6
52839	1
52846	1
52850	1
52858	3
52926	2
52953	1
52954	1
52957	1
52970	2
52974	4
52998	1
52999	2
53056	1
53057	2
53062	2
53063	1
53067	14
53074	1
53081	4
53087	1
53090	1
53119	1
53138	67
53161	5
53169	2
53173	1
53180	1
53225	32
53230	22
53257	41
53266	1
53267	1
53301	3
53322	4
53333	2
53337	1
53339	9
53342	1
53353	6
53354	1
53356	6
53366	207
53373	1
53398	2
53406	3
53430	1
53450	1
53465	2
53467	1
53469	1
53498	2
53535	1
53545	50
53574	13
53623	2
53624	14
53641	1
53654	4
53697	9
53702	3
53713	1
53714	1
53725	2
53758	1
53777	1
53783	5
53793	26
53800	1
53828	1
53843	1
53854	72
53863	19
53867	46
53869	1
53871	6
53896	1
53960	35
53986	19
53993	1
54011	1
54012	3
54017	2
54022	3
54044	1
54060	2
54067	2
54068	1
54086	1
54096	7
54115	5
54123	1
54124	1
54127	1
54141	1
54143	1
54144	1
54170	1
54190	1
54207	1
54239	1
54249	291
54256	1
54262	2
54284	13
54338	14
54370	88
54371	83
54377	1
54379	1
54380	1
54381	1
54382	25
54387	8
54391	1
54438	1
54440	1
54448	6
54450	1
54456	1
54458	1
54496	2
54507	23
54521	1
54536	1
54585	1
54602	4
54612	3
54618	1
54624	1
54628	1
54638	2
54660	1
54702	2
54703	2
54707	1
54712	7
54801	1
54851	1
54888	1
54939	6
54955	88
54964	1
54968	2
54971	3
54974	2
54981	23
54984	4
54999	1
55017	1
55035	4
55052	3
55071	1
55073	4
55108	4
55110	1
55125	15
55158	1
55159	1
55160	5
55177	95
55179	1
55180	7
55210	10
55230	1
55267	31
55282	1
55309	1
55317	1
55331	1
55333	1
55354	1
55357	11
55399	11
55453	1
55454	2
55469	1
55494	1
55500	7
55521	1
55524	2
55534	1
55570	1
55576	20
55582	3
55629	1
55639	1
55656	1
55681	3
55684	13
55772	1
55778	1
55798	47
55801	1
55804	4
55807	7
55811	1
55839	1
55842	24
55851	1
55855	18
55905	2
55943	51
55956	1
55958	3
55973	6
56010	2
56012	9
56013	1
56021	4
56039	1
56042	17
56045	45
56096	1
56213	36
56217	28
56246	2
56248	2
56265	1
56273	1
56293	36
56321	12
56339	3
56365	1
56369	1
56382	1
56383	1
56406	1
56409	331
56416	2
56418	1
56425	280
56430	3
56441	328
56451	1
56461	1
56463	1
56501	37
56518	1
56521	1
56523	1
56529	1
56536	4
56545	1
56577	4
56578	7
56611	1
56657	1
56665	38
56677	2
56710	44
56712	1
56717	1
56739	1
56746	7
56771	1
56777	30
56780	1
56797	1
56801	1
56848	27
56857	1
56910	1
57011	3
57016	1
57047	2
57054	1
57099	4
57136	1
57144	1
57148	1
57154	1
57180	2
57190	1
57208	1
57209	1
57252	1
57281	2
57308	3
57316	1
57323	2
57324	1
57326	2
57331	1
57338	1
57340	1
57377	1
57420	66
57504	1
57530	1
57534	1
57540	1
57546	15
57581	1
57621	1
57643	128
57674	8
57681	4
57683	1
57700	21
57704	6
57708	1
57723	2
57724	1
57765	1
57779	10
57833	1
57837	1
57841	12
57845	1
57931	29
57959	1
57969	4
58023	102
58086	1
58096	5
58110	9
58157	20
58179	1
58187	2
58192	637
58275	1
58444	2
58497	4
58522	1
58568	80
10526	1
13731	6
19444	1
21157	1
27988	1
28852	11
29936	2
31804	5
33356	134
34399	1
35410	1
36923	14
37326	5
37509	1
37515	13
37929	1
37984	1
38113	3
38352	16
38553	31
38570	8
39088	3
39396	6
39572	1
39592	14
39704	45
39724	1
39769	1
39875	1
40380	2
40551	1
40771	1
40817	1
40901	1
40929	1
41059	5
41074	1
41089	68
41166	41
41327	18
41606	1
41608	1
41666	1
41722	4
41869	1
42039	9
42071	2
42072	56
42119	16
42361	1
42436	1
42444	1
42503	71
42530	1
42579	1
42648	1
42650	4
42693	72
42707	64
42747	1
43001	1
43053	3
43080	2
43117	3
43142	1
43150	1
43191	135
43216	1
43236	1
43285	1
43356	7
43366	2
43435	2
43470	1
43538	12
43617	6
43622	1
43706	47
43840	1
43868	1
43893	1
43909	3
44223	1
44268	13
44494	26
44529	2
44558	4
44562	1
44620	1
44633	7
44986	1
44994	1
45101	1
45212	1
45272	27
45279	1
45285	2
45419	1
45427	7
45441	1
45453	1
45576	1
45618	1
45628	6
45785	19
45851	1
45906	1
45977	1
46011	1
46051	1
46096	3
46105	2
46243	8
46252	1
46261	18
46264	10
46357	1
46381	12
46403	2
46462	1
46471	4
46564	3
46666	3
46819	2
46866	2
46915	117
46933	4
46947	46
46950	22
46958	1
46967	12
46985	4
46988	30
46998	62
47046	2
47050	9
47111	153
47158	1
47216	1
47237	3
47320	1
47330	1
47331	8
47343	1
47364	4
47413	104
47453	1
47462	2
47478	1
47499	3
47502	1
47515	1
47518	1
47744	2
47774	1
47799	2
47826	1
47836	1
47866	71
47881	1
47930	8
47987	20
47997	2
48004	192
48007	9
48049	1
48050	1
48097	36
48113	13
48208	1
48318	1
48345	2
48358	2
48421	33
48454	1
48498	35
48613	1
48616	3
48627	17
48629	1
48653	2
48660	217
48661	1
48678	1
48692	1
48701	2
48729	1
48790	1
48795	1
48817	1
48837	149
48843	3
48861	344
48895	10
48973	1
49018	2
49030	2
49095	3
49099	18
49116	1
49151	1
49170	1
49196	7
49209	77
49217	17
49428	2
49528	1
49543	3
49555	8
49598	31
49613	28
49625	1
49655	4
49730	4
49749	2
49860	3
49890	5
49905	10
49985	1
49987	1
49998	1
50105	31
50138	7
50189	9
50201	1
50228	12
50273	1
50316	3
50325	24
50394	1
50413	3
50459	3
50460	6
50496	2
50547	1
50550	151
50556	1
50600	9
50606	1
50631	2
50642	1
50646	1
50700	2
50726	12
50737	36
50747	89
50771	6
51119	16
51124	1
51185	1
51212	1
51220	11
51249	2
51306	1
51348	1
51615	1
51688	1
51736	1
51905	2
52121	4
52293	2
52384	1
52488	3
52719	122
53454	1
53481	3
53565	1
53584	6
53735	8
53737	1
53792	1
53952	1
54045	1
54054	1
54087	6
54198	1
54475	9
54497	38
54599	1
54732	1
54802	1
54947	16
55198	1
55342	1
55343	1
55749	21
55799	9
55960	1
55996	90
56025	3
56027	1
56082	1
56172	1
56179	9
56190	88
56334	1
56438	5
56446	2
56449	37
56472	49
56573	122
56606	2
56608	1
56653	1
56724	1
56736	1
56900	11
56902	1
56905	1
56907	5
56917	3
56953	1
56982	4
57265	3
57446	1
57490	1
57509	9
57544	46
57943	3
57977	1
58119	13
58166	4
58178	1
58232	1
58296	21
58342	1
58357	1
58489	1
58508	23
58535	8
58541	2
58545	1
58547	1
58582	1
58603	1
58660	41
58701	1
58768	2
58836	1
58946	6
59014	1
59015	2
59043	3
59054	5
59123	1
59138	2
59145	1
59151	20
59189	1
59206	2
59217	1
59219	1
59261	2
59269	1
59317	8
59849	1
59850	2
59904	1
59908	15
59923	2
60008	1
60041	1
60043	1