231936	1
267264	1
273421	1
296457	1
220179	1
227346	1
405015	57
66069	1029
215579	191
209432	3
198175	1
383001	13
173085	1
167968	1
330278	2
309795	17
138795	3
153640	541
231977	2
35888	394
96828	4
269381	5
329287	4
150081	2
144967	1
198724	22
230987	300
251466	7
490062	7
222793	5
151113	11
230989	4
292938	8
305236	3
258129	4
171601	14
305232	1
233562	1
201306	4
114779	1
201304	1
181343	1
272985	1
227932	7
201308	1
185955	2
210018	11
228454	2
406112	2
210026	1
120938	3
218223	44
303210	3
162420	1
311933	3
435321	31
172675	12
152199	2
151172	6
178309	3
263299	24
396429	1
272021	37
391828	1
130199	3
312466	2
264348	1
90264	138
174232	1
201880	1
172703	37
273049	19
102055	21
433824	2
255659	16
312495	15
149676	1
173741	2
217772	12
170678	13
65204	96
296113	1
205493	53
176315	4
250042	2
197817	3
257219	1
264901	12
484548	140
243911	1
248519	1
465614	1
174281	1
228044	3
158418	24
139482	13
203993	26
207583	1
257246	1
168669	4
233699	7
198881	2
310496	1
181476	1
314595	1
300771	1
145129	1
181997	73
201458	1
227570	9
246001	2
217333	4
191231	1
482554	1
413944	1
483591	12
61184	2
191232	1
229640	1
198927	1
177420	7
404744	13
409352	7
181523	7
225047	862
490770	35
259348	7
129817	852
166680	1
151324	1
319268	164
197410	1
183587	3
227105	8
278818	1
160043	1
469803	202
159540	4
63287	1
178491	9
135480	78
149816	1081
257852	10
232771	115
307524	77
230209	44
258881	2
184647	1
417603	30
308547	2
286028	12
274765	4
322893	1
216914	1
173393	5
226640	32
263505	28
178517	2
256859	8
466783	2
260953	11
230239	1
308070	1
488805	2
218983	128
313187	1
321891	61
117094	204
367980	11
216937	1
172398	2
216946	92
356209	5
203126	16
409969	1
482175	1
163707	1
227706	1
174457	7
264056	1
482171	217
169852	1
280955	7
300416	1
173447	25
239494	1
185225	96
234376	1
308623	2
392597	2
331670	1
166801	8
238487	1
247703	1
157087	1
166819	1
220069	25
415649	2
217007	2
304041	1
206765	5
241074	1
272309	1
108466	19
79794	1
418226	3
102326	1
432063	6
216504	2
217022	51
207804	1
486328	1
244673	234
489924	2
171462	1
226254	30
183245	1
183250	14
202195	1
133072	10
474069	1
171473	4
383448	277
477658	8
207836	753
479192	1
146912	489
153575	1
226788	2
250340	3
98790	12
170474	2120
160233	1
342512	1564
187390	1
206335	98
118271	8
334843	2
68606	202
