12428
18462
38216
3839
40881
43819
47378
47524
47568
47569
47820
47827
47828
48102
48104
48117
48120
48121
48123
48131
48132
48133
48135
48137
48139
48143
48146
48147
48148
48149
48150
48151
48172
48173
48174
48175
48176
48196
48197
48217
48230
48233
48234
48239
48248
48249
48266
48267
48282
48285
48287
48288
48289
48296
48297
48324
48387
48399
48424
48443
48517
48523
48551
48643
48644
48647
48648
48662
48689
48870
48914
48998
49000
49014
49045
49075
49082
49086
49089
49091
49092
49102
49103
49104
49105
49106
49109
49110
49118
49128
49129
49132
49134
49140
49141
49142
49143
49144
49150
49159
49171
49181
49184
49207
49218
49221
49226
49227
49228
49234
49235
49240
49284
49290
49297
49299
49340
49345
49360
49372
49376
49426
49442
49476
49478
49503
49522
49525
49530
49536
49550
49567
49570
49600
49617
49669
49670
49683
49698
49714
49721
49726
49750
49757
49758
49779
49785
49799
49802
49865
49876
49883
49884
49892
49909
49916
49922
49937
49952
49956
49957
49978
49991
49994
50015
50016
50017
50018
50021
50027
50054
50059
50063
50087
50107
50108
50127
50129
50157
50159
50168
50169
50183
50184
50192
50207
50222
50230
50232
50252
50293
50306
50308
50310
50351
50352
50353
50358
50360
50408
50411
50448
50503
50535
50541
50554
50582
50591
50597
50598
50601
50629
50648
50667
50679
50680
50683
50709
50713
50720
50721
50780
50789
50790
50802
50826
50836
50903
50927
50928
50929
50957
50984
50991
50997
51038
51095
51099
51136
51154
51155
51197
51226
51229
51240
51251
51264
51276
51277
51278
51294
51310
51324
51340
51344
51376
51386
51395
51396
51401
51403
51418
51436
51445
51447
51453
51466
51467
51494
51503
51518
51526
51532
51544
51545
51555
51557
51558
51584
51586
51610
51614
51630
51640
51641
51644
51650
51653
51654
51658
51698
51704
51712
51713
51739
51741
51744
51758
51774
51852
51860
51862
51872
51881
51887
51910
51912
51952
51972
52009
52028
52042
52051
52055
52091
52113
52135
52156
52173
52184
52208
52213
52245
52259
52303
52316
52321
52326
52328
52356
52387
52405
52440
52443
52444
52445
52461
52474
52480
52500
52511
52543
52547
52577
52586
52587
52591
52607
52669
52671
52724
52725
52726
52727
52729
52731
52732
52758
52770
52772
52776
52777
52792
52830
52833
52839
52846
52850
52858
52926
52953
52954
52957
52970
52974
52998
52999
53056
53057
53062
53063
53067
53074
53081
53087
53090
53119
53138
53161
53169
53173
53180
53225
53230
53257
53266
53267
53301
53322
53333
53337
53339
53342
53353
53354
53356
53366
53373
53398
53406
53430
53450
53465
53467
53469
53498
53535
53545
53574
53623
53624
53641
53654
53697
53702
53713
53714
53725
53758
53777
53783
53793
53800
53828
53843
53854
53863
53867
53869
53871
53896
53960
53986
53993
54011
54012
54017
54022
54044
54060
54067
54068
54086
54096
54115
54123
54124
54127
54141
54143
54144
54170
54190
54207
54239
54249
54256
54262
54284
54338
54370
54371
54377
54379
54380
54381
54382
54387
54391
54438
54440
54448
54450
54456
54458
54496
54507
54521
54536
54585
54602
54612
54618
54624
54628
54638
54660
54702
54703
54707
54712
54801
54851
54888
54939
54955
54964
54968
54971
54974
54981
54984
54999
55017
55035
55052
55071
55073
55108
55110
55125
55158
55159
55160
55177
55179
55180
55210
55230
55267
55282
55309
55317
55331
55333
55354
55357
55399
55453
55454
55469
55494
55500
55521
55524
55534
55570
55576
55582
55629
55639
55656
55681
55684
55772
55778
55798
55801
55804
55807
55811
55839
55842
55851
55855
55905
55943
55956
55958
55973
56010
56012
56013
56021
56039
56042
56045
56096
56213
56217
56246
56248
56265
56273
56293
56321
56339
56365
56369
56382
56383
56406
56409
56416
56418
56425
56430
56441
56451
56461
56463
56501
56518
56521
56523
56529
56536
56545
56577
56578
56611
56657
56665
56677
56710
56712
56717
56739
56746
56771
56777
56780
56797
56801
56848
56857
56910
57011
57016
57047
57054
57099
57136
57144
57148
57154
57180
57190
57208
57209
57252
57281
57308
57316
57323
57324
57326
57331
57338
57340
57377
57420
57504
57530
57534
57540
57546
57581
57621
57643
57674
57681
57683
57700
57704
57708
57723
57724
57765
57779
57833
57837
57841
57845
57931
57959
57969
58023
58086
58096
58110
58157
58179
58187
58192
58275
58444
58497
58522
58568
10526
13731
19444
21157
27988
28852
29936
31804
33356
34399
35410
36923
37326
37509
37515
37929
37984
38113
38352
38553
38570
39088
39396
39572
39592
39704
39724
39769
39875
40380
40551
40771
40817
40901
40929
41059
41074
41089
41166
41327
41606
41608
41666
41722
41869
42039
42071
42072
42119
42361
42436
42444
42503
42530
42579
42648
42650
42693
42707
42747
43001
43053
43080
43117
43142
43150
43191
43216
43236
43285
43356
43366
43435
43470
43538
43617
43622
43706
43840
43868
43893
43909
44223
44268
44494
44529
44558
44562
44620
44633
44986
44994
45101
45212
45272
45279
45285
45419
45427
45441
45453
45576
45618
45628
45785
45851
45906
45977
46011
46051
46096
46105
46243
46252
46261
46264
46357
46381
46403
46462
46471
46564
46666
46819
46866
46915
46933
46947
46950
46958
46967
46985
46988
46998
47046
47050
47111
47158
47216
47237
47320
47330
47331
47343
47364
47413
47453
47462
47478
47499
47502
47515
47518
47744
47774
47799
47826
47836
47866
47881
47930
47987
47997
48004
48007
48049
48050
48097
48113
48208
48318
48345
48358
48421
48454
48498
48613
48616
48627
48629
48653
48660
48661
48678
48692
48701
48729
48790
48795
48817
48837
48843
48861
48895
48973
49018
49030
49095
49099
49116
49151
49170
49196
49209
49217
49428
49528
49543
49555
49598
49613
49625
49655
49730
49749
49860
49890
49905
49985
49987
49998
50105
50138
50189
50201
50228
50273
50316
50325
50394
50413
50459
50460
50496
50547
50550
50556
50600
50606
50631
50642
50646
50700
50726
50737
50747
50771
51119
51124
51185
51212
51220
51249
51306
51348
51615
51688
51736
51905
52121
52293
52384
52488
52719
53454
53481
53565
53584
53735
53737
53792
53952
54045
54054
54087
54198
54475
54497
54599
54732
54802
54947
55198
55342
55343
55749
55799
55960
55996
56025
56027
56082
56172
56179
56190
56334
56438
56446
56449
56472
56573
56606
56608
56653
56724
56736
56900
56902
56905
56907
56917
56953
56982
57265
57446
57490
57509
57544
57943
57977
58119
58166
58178
58232
58296
58342
58357
58489
58508
58535
58541
58545
58547
58582
58603
58660
58701
58768
58836
58946
59014
59015
59043
59054
59123
59138
59145
59151
59189
59206
59217
59219
59261
59269
59317
59849
59850
59904
59908
59923
60008
60041
60043
