18462
38216
47820
47827
48131
48132
48133
48137
48139
48146
48147
48148
48149
48150
48151
48176
48230
48266
48267
48296
48870
49000
49075
49103
49104
49105
49106
49234
49284
49340
49376
49536
49567
49721
49757
49758
49892
49909
49991
50018
50306
50535
50929
51136
51155
51276
51294
51739
52028
52135
52387
52405
52474
52500
52792
53057
53090
53161
54370
54382
54618
54624
55267
55469
55798
55958
56217
56248
56418
56777
57136
57708
57841
58187
13731
19444
28852
37515
37984
38352
38553
40901
41074
41327
42361
43142
43366
43538
46264
46471
47413
48358
48660
48692
48861
48973
49030
49543
50189
50325
51220
52488
53952
55343
58508
