12428
43819
47378
47524
47568
47569
47828
48102
48104
48117
48120
48121
48123
48135
48143
48172
48173
48197
48233
48234
48239
48248
48249
48282
48285
48287
48288
48289
48297
48387
48399
48424
48517
48523
48551
48643
48644
48647
48648
48689
48914
48998
49014
49045
49082
49086
49089
49091
49092
49102
49109
49110
49118
49128
49129
49132
49134
49140
49141
49142
49143
49144
49150
49159
49171
49181
49221
49226
49227
49228
49235
49290
49297
49299
49345
49360
49426
49442
49478
49503
49525
49530
49550
49570
49600
49617
49669
49670
49683
49698
49714
49750
49779
49785
49799
49916
49922
49937
49952
49956
49957
49978
49994
50015
50016
50021
50054
50063
50107
50108
50127
50129
50157
50159
50168
50169
50183
50184
50192
50207
50222
50230
50232
50293
50310
50352
50353
50360
50408
50411
50503
50541
50554
50582
50601
50629
50648
50667
50680
50683
50709
50721
50780
50802
50836
50903
50927
50928
50957
50984
50997
51038
51099
51154
51197
51226
51229
51240
51251
51264
51278
51310
51324
51344
51376
51386
51395
51418
51436
51445
51447
51453
51466
51467
51503
51518
51526
51532
51545
51557
51558
51614
51640
51641
51650
51653
51658
51698
51704
51712
51741
51744
51852
51860
51862
51872
51881
51887
51972
52042
52055
52091
52113
52156
52173
52184
52213
52245
52303
52316
52321
52326
52328
52356
52440
52443
52444
52511
52547
52577
52607
52669
52724
52725
52726
52727
52729
52731
52732
52758
52770
52772
52776
52777
52830
52839
52846
52850
52858
52953
52954
52970
52998
52999
53056
53062
53063
53067
53081
53087
53138
53169
53180
53230
53267
53301
53322
53337
53342
53353
53366
53373
53398
53430
53498
53535
53545
53623
53624
53641
53654
53702
53713
53714
53725
53758
53777
53783
53800
53828
53843
53863
53867
53869
53896
53960
54011
54012
54017
54022
54044
54060
54067
54096
54115
54123
54124
54127
54141
54143
54144
54190
54207
54239
54262
54377
54379
54380
54381
54387
54391
54438
54456
54458
54496
54521
54536
54585
54602
54612
54628
54660
54707
54712
54851
54888
54939
54955
54964
54968
54974
54981
54984
54999
55017
55052
55071
55073
55108
55110
55125
55158
55159
55160
55177
55179
55230
55282
55309
55317
55354
55399
55453
55500
55521
55534
55570
55576
55582
55629
55639
55656
55681
55684
55772
55801
55804
55811
55839
55842
55851
55905
55943
55956
56012
56013
56021
56096
56213
56265
56273
56293
56321
56339
56365
56369
56382
56383
56406
56416
56430
56451
56461
56463
56501
56518
56521
56523
56536
56578
56611
56657
56677
56712
56739
56746
56771
56780
56797
56801
56848
57016
57099
57144
57148
57154
57180
57190
57208
57209
57252
57308
57323
57324
57326
57331
57338
57340
57377
57534
57540
57581
57621
57681
57700
57723
57724
57837
57845
57931
57969
58023
58096
58179
58275
58444
58497
58522
58568
10526
21157
27988
29936
31804
33356
34399
36923
37326
37509
37929
38113
39088
39396
39572
39724
39769
39875
40380
40551
40771
40929
41059
41089
41606
41608
41666
41722
41869
42039
42071
42072
42119
42444
42503
42579
42648
42693
42707
42747
43001
43053
43080
43117
43150
43191
43216
43236
43435
43470
43617
43622
43706
43840
43868
43893
43909
44223
44268
44494
44529
44620
45101
45212
45272
45279
45285
45419
45441
45576
45618
45628
45851
45906
45977
46011
46051
46096
46105
46252
46357
46403
46462
46564
46666
46819
46866
46915
46933
46947
46950
46958
46967
46985
46988
46998
47046
47050
47111
47158
47216
47237
47320
47330
47331
47343
47364
47462
47478
47515
47518
47744
47774
47799
47826
47836
47881
47930
47987
47997
48004
48049
48050
48097
48113
48208
48318
48345
48421
48613
48629
48653
48678
48729
48790
48795
48817
48837
48895
49018
49095
49099
49116
49151
49170
49217
49428
49528
49555
49598
49613
49625
49655
49730
49749
49890
49985
49987
49998
50105
50201
50228
50316
50413
50459
50460
50496
50547
50550
50556
50606
50631
50642
50646
50700
50726
50747
50771
51119
51185
51212
51249
51348
51615
51688
51736
51905
52121
52293
52719
53454
53481
53565
53737
53792
54045
54054
54198
54599
54732
54802
54947
55198
55342
55960
56025
56027
56082
56172
56190
56438
56446
56449
56472
56573
56606
56608
56653
56724
56900
56902
56905
56907
56917
56953
56982
57446
57977
58119
58166
58178
58296
58342
58535
58541
58545
58547
58582
58603
58701
58768
58836
59014
59043
59123
59138
59145
59189
59206
59217
59219
59261
59269
59849
59850
59904
59908
59923
60008
60041
60043
3839
48174
48175
48196
48217
48324
48662
49476
49876
50017
50059
50598
51758
52259
52586
53793
54638
55035
57765
53584
58660
