40881
48443
49184
49207
49218
49240
49372
49522
49726
49802
49865
49883
49884
50027
50087
50252
50308
50351
50358
50448
50591
50597
50679
50713
50720
50789
50790
50826
50991
51095
51277
51340
51396
51401
51403
51494
51544
51555
51584
51586
51610
51630
51644
51654
51713
51774
51910
51912
51952
52009
52051
52208
52445
52461
52480
52543
52587
52591
52671
52833
52926
52957
52974
53074
53119
53173
53225
53257
53266
53333
53339
53354
53356
53406
53450
53465
53467
53469
53574
53697
53854
53871
53986
53993
54068
54086
54170
54249
54256
54284
54338
54371
54440
54448
54450
54507
54702
54703
54801
54971
55180
55210
55331
55333
55357
55454
55494
55524
55778
55807
55855
55973
56010
56039
56042
56045
56246
56409
56425
56441
56529
56545
56577
56665
56710
56717
56857
56910
57011
57047
57054
57281
57316
57420
57504
57530
57546
57643
57674
57683
57704
57779
57833
57959
58086
58110
58157
58192
35410
38570
39592
39704
40817
41166
42436
42530
42650
43285
43356
44558
44562
44633
44986
44994
45427
45453
45785
46243
46261
46381
47453
47499
47502
47866
48007
48454
48498
48616
48627
48661
48701
48843
49196
49209
49860
49905
50138
50273
50394
50600
50737
51124
51306
52384
53735
54087
54475
54497
55749
55799
55996
56179
56334
56736
57265
57490
57509
57544
57943
58232
58357
58489
58946
59015
59054
59151
59317
